103

101 75 21
101 95 22
101 38 22
101 85 22
101 94 23
101 22 24
101 58 24
101 65 24
101 37 25
101 48 25
101 80 26
101 51 27
101 41 29
101 57 29
101 90 30
101 7 30
101 77 30
101 81 32
101 27 33
101 64 34
101 62 35
101 56 36
101 79 36
101 66 38
101 72 38
101 102 38
101 60 39
101 12 40
101 18 41
101 1 42
101 32 45
101 50 45
101 30 46
101 42 46
101 23 48
101 4 49
101 83 49
101 92 50
101 55 52
101 52 54
101 21 56
101 14 57
101 53 57
101 71 58
101 45 60
101 54 60
101 82 60
101 84 60
101 17 63
101 36 67
101 96 68
101 28 68
101 91 69
101 6 69
101 89 70
101 39 71
101 78 72
101 24 73
101 43 73
101 10 74
101 5 74
101 11 75
101 87 77
101 88 82
101 44 82
101 47 84
101 93 86
101 9 87
101 59 89
101 46 90
101 76 90
101 16 91
101 99 92
101 13 92
101 26 92
101 40 92
101 61 92
101 69 92
101 19 93
101 31 93
101 34 93
101 29 94
101 98 96
101 20 98
101 68 98
101 70 98
101 15 102
101 86 102
101 25 103
101 73 103
101 67 105
101 3 107
101 8 109
101 97 110
101 2 111
101 49 111
101 100 111
101 33 112
101 63 117
101 35 118
101 74 118
75 101 21
75 95 1
75 38 1
75 85 1
75 94 2
75 22 3
75 58 3
75 65 3
75 37 4
75 48 4
75 80 5
75 51 6
75 41 8
75 57 8
75 90 9
75 7 9
75 77 9
75 81 11
75 27 12
75 64 13
75 62 14
75 56 15
75 79 15
75 66 17
75 72 17
75 102 17
75 60 18
75 12 19
75 18 20
75 1 21
75 32 24
75 50 24
75 30 25
75 42 25
75 23 27
75 4 28
75 83 28
75 92 29
75 55 31
75 52 33
75 21 35
75 14 36
75 53 36
75 71 37
75 45 39
75 54 39
75 82 39
75 84 39
75 17 42
75 36 46
75 96 47
75 28 47
75 91 48
75 6 48
75 89 49
75 39 50
75 78 51
75 24 52
75 43 52
75 10 53
75 5 53
75 11 54
75 87 56
75 88 61
75 44 61
75 47 63
75 93 65
75 9 66
75 59 68
75 46 69
75 76 69
75 16 70
75 99 71
75 13 71
75 26 71
75 40 71
75 61 71
75 69 71
75 19 72
75 31 72
75 34 72
75 29 73
75 98 75
75 20 77
75 68 77
75 70 77
75 15 81
75 86 81
75 25 82
75 73 82
75 67 84
75 3 86
75 8 88
75 97 89
75 2 90
75 49 90
75 100 90
75 33 91
75 63 96
75 35 97
75 74 97
95 101 22
95 75 1
95 38 0
95 85 0
95 94 1
95 22 2
95 58 2
95 65 2
95 37 3
95 48 3
95 80 4
95 51 5
95 41 7
95 57 7
95 90 8
95 7 8
95 77 8
95 81 10
95 27 11
95 64 12
95 62 13
95 56 14
95 79 14
95 66 16
95 72 16
95 102 16
95 60 17
95 12 18
95 18 19
95 1 20
95 32 23
95 50 23
95 30 24
95 42 24
95 23 26
95 4 27
95 83 27
95 92 28
95 55 30
95 52 32
95 21 34
95 14 35
95 53 35
95 71 36
95 45 38
95 54 38
95 82 38
95 84 38
95 17 41
95 36 45
95 96 46
95 28 46
95 91 47
95 6 47
95 89 48
95 39 49
95 78 50
95 24 51
95 43 51
95 10 52
95 5 52
95 11 53
95 87 55
95 88 60
95 44 60
95 47 62
95 93 64
95 9 65
95 59 67
95 46 68
95 76 68
95 16 69
95 99 70
95 13 70
95 26 70
95 40 70
95 61 70
95 69 70
95 19 71
95 31 71
95 34 71
95 29 72
95 98 74
95 20 76
95 68 76
95 70 76
95 15 80
95 86 80
95 25 81
95 73 81
95 67 83
95 3 85
95 8 87
95 97 88
95 2 89
95 49 89
95 100 89
95 33 90
95 63 95
95 35 96
95 74 96
38 101 22
38 75 1
38 95 0
38 85 0
38 94 1
38 22 2
38 58 2
38 65 2
38 37 3
38 48 3
38 80 4
38 51 5
38 41 7
38 57 7
38 90 8
38 7 8
38 77 8
38 81 10
38 27 11
38 64 12
38 62 13
38 56 14
38 79 14
38 66 16
38 72 16
38 102 16
38 60 17
38 12 18
38 18 19
38 1 20
38 32 23
38 50 23
38 30 24
38 42 24
38 23 26
38 4 27
38 83 27
38 92 28
38 55 30
38 52 32
38 21 34
38 14 35
38 53 35
38 71 36
38 45 38
38 54 38
38 82 38
38 84 38
38 17 41
38 36 45
38 96 46
38 28 46
38 91 47
38 6 47
38 89 48
38 39 49
38 78 50
38 24 51
38 43 51
38 10 52
38 5 52
38 11 53
38 87 55
38 88 60
38 44 60
38 47 62
38 93 64
38 9 65
38 59 67
38 46 68
38 76 68
38 16 69
38 99 70
38 13 70
38 26 70
38 40 70
38 61 70
38 69 70
38 19 71
38 31 71
38 34 71
38 29 72
38 98 74
38 20 76
38 68 76
38 70 76
38 15 80
38 86 80
38 25 81
38 73 81
38 67 83
38 3 85
38 8 87
38 97 88
38 2 89
38 49 89
38 100 89
38 33 90
38 63 95
38 35 96
38 74 96
85 101 22
85 75 1
85 95 0
85 38 0
85 94 1
85 22 2
85 58 2
85 65 2
85 37 3
85 48 3
85 80 4
85 51 5
85 41 7
85 57 7
85 90 8
85 7 8
85 77 8
85 81 10
85 27 11
85 64 12
85 62 13
85 56 14
85 79 14
85 66 16
85 72 16
85 102 16
85 60 17
85 12 18
85 18 19
85 1 20
85 32 23
85 50 23
85 30 24
85 42 24
85 23 26
85 4 27
85 83 27
85 92 28
85 55 30
85 52 32
85 21 34
85 14 35
85 53 35
85 71 36
85 45 38
85 54 38
85 82 38
85 84 38
85 17 41
85 36 45
85 96 46
85 28 46
85 91 47
85 6 47
85 89 48
85 39 49
85 78 50
85 24 51
85 43 51
85 10 52
85 5 52
85 11 53
85 87 55
85 88 60
85 44 60
85 47 62
85 93 64
85 9 65
85 59 67
85 46 68
85 76 68
85 16 69
85 99 70
85 13 70
85 26 70
85 40 70
85 61 70
85 69 70
85 19 71
85 31 71
85 34 71
85 29 72
85 98 74
85 20 76
85 68 76
85 70 76
85 15 80
85 86 80
85 25 81
85 73 81
85 67 83
85 3 85
85 8 87
85 97 88
85 2 89
85 49 89
85 100 89
85 33 90
85 63 95
85 35 96
85 74 96
94 101 23
94 75 2
94 95 1
94 38 1
94 85 1
94 22 1
94 58 1
94 65 1
94 37 2
94 48 2
94 80 3
94 51 4
94 41 6
94 57 6
94 90 7
94 7 7
94 77 7
94 81 9
94 27 10
94 64 11
94 62 12
94 56 13
94 79 13
94 66 15
94 72 15
94 102 15
94 60 16
94 12 17
94 18 18
94 1 19
94 32 22
94 50 22
94 30 23
94 42 23
94 23 25
94 4 26
94 83 26
94 92 27
94 55 29
94 52 31
94 21 33
94 14 34
94 53 34
94 71 35
94 45 37
94 54 37
94 82 37
94 84 37
94 17 40
94 36 44
94 96 45
94 28 45
94 91 46
94 6 46
94 89 47
94 39 48
94 78 49
94 24 50
94 43 50
94 10 51
94 5 51
94 11 52
94 87 54
94 88 59
94 44 59
94 47 61
94 93 63
94 9 64
94 59 66
94 46 67
94 76 67
94 16 68
94 99 69
94 13 69
94 26 69
94 40 69
94 61 69
94 69 69
94 19 70
94 31 70
94 34 70
94 29 71
94 98 73
94 20 75
94 68 75
94 70 75
94 15 79
94 86 79
94 25 80
94 73 80
94 67 82
94 3 84
94 8 86
94 97 87
94 2 88
94 49 88
94 100 88
94 33 89
94 63 94
94 35 95
94 74 95
22 101 24
22 75 3
22 95 2
22 38 2
22 85 2
22 94 1
22 58 0
22 65 0
22 37 1
22 48 1
22 80 2
22 51 3
22 41 5
22 57 5
22 90 6
22 7 6
22 77 6
22 81 8
22 27 9
22 64 10
22 62 11
22 56 12
22 79 12
22 66 14
22 72 14
22 102 14
22 60 15
22 12 16
22 18 17
22 1 18
22 32 21
22 50 21
22 30 22
22 42 22
22 23 24
22 4 25
22 83 25
22 92 26
22 55 28
22 52 30
22 21 32
22 14 33
22 53 33
22 71 34
22 45 36
22 54 36
22 82 36
22 84 36
22 17 39
22 36 43
22 96 44
22 28 44
22 91 45
22 6 45
22 89 46
22 39 47
22 78 48
22 24 49
22 43 49
22 10 50
22 5 50
22 11 51
22 87 53
22 88 58
22 44 58
22 47 60
22 93 62
22 9 63
22 59 65
22 46 66
22 76 66
22 16 67
22 99 68
22 13 68
22 26 68
22 40 68
22 61 68
22 69 68
22 19 69
22 31 69
22 34 69
22 29 70
22 98 72
22 20 74
22 68 74
22 70 74
22 15 78
22 86 78
22 25 79
22 73 79
22 67 81
22 3 83
22 8 85
22 97 86
22 2 87
22 49 87
22 100 87
22 33 88
22 63 93
22 35 94
22 74 94
58 101 24
58 75 3
58 95 2
58 38 2
58 85 2
58 94 1
58 22 0
58 65 0
58 37 1
58 48 1
58 80 2
58 51 3
58 41 5
58 57 5
58 90 6
58 7 6
58 77 6
58 81 8
58 27 9
58 64 10
58 62 11
58 56 12
58 79 12
58 66 14
58 72 14
58 102 14
58 60 15
58 12 16
58 18 17
58 1 18
58 32 21
58 50 21
58 30 22
58 42 22
58 23 24
58 4 25
58 83 25
58 92 26
58 55 28
58 52 30
58 21 32
58 14 33
58 53 33
58 71 34
58 45 36
58 54 36
58 82 36
58 84 36
58 17 39
58 36 43
58 96 44
58 28 44
58 91 45
58 6 45
58 89 46
58 39 47
58 78 48
58 24 49
58 43 49
58 10 50
58 5 50
58 11 51
58 87 53
58 88 58
58 44 58
58 47 60
58 93 62
58 9 63
58 59 65
58 46 66
58 76 66
58 16 67
58 99 68
58 13 68
58 26 68
58 40 68
58 61 68
58 69 68
58 19 69
58 31 69
58 34 69
58 29 70
58 98 72
58 20 74
58 68 74
58 70 74
58 15 78
58 86 78
58 25 79
58 73 79
58 67 81
58 3 83
58 8 85
58 97 86
58 2 87
58 49 87
58 100 87
58 33 88
58 63 93
58 35 94
58 74 94
65 101 24
65 75 3
65 95 2
65 38 2
65 85 2
65 94 1
65 22 0
65 58 0
65 37 1
65 48 1
65 80 2
65 51 3
65 41 5
65 57 5
65 90 6
65 7 6
65 77 6
65 81 8
65 27 9
65 64 10
65 62 11
65 56 12
65 79 12
65 66 14
65 72 14
65 102 14
65 60 15
65 12 16
65 18 17
65 1 18
65 32 21
65 50 21
65 30 22
65 42 22
65 23 24
65 4 25
65 83 25
65 92 26
65 55 28
65 52 30
65 21 32
65 14 33
65 53 33
65 71 34
65 45 36
65 54 36
65 82 36
65 84 36
65 17 39
65 36 43
65 96 44
65 28 44
65 91 45
65 6 45
65 89 46
65 39 47
65 78 48
65 24 49
65 43 49
65 10 50
65 5 50
65 11 51
65 87 53
65 88 58
65 44 58
65 47 60
65 93 62
65 9 63
65 59 65
65 46 66
65 76 66
65 16 67
65 99 68
65 13 68
65 26 68
65 40 68
65 61 68
65 69 68
65 19 69
65 31 69
65 34 69
65 29 70
65 98 72
65 20 74
65 68 74
65 70 74
65 15 78
65 86 78
65 25 79
65 73 79
65 67 81
65 3 83
65 8 85
65 97 86
65 2 87
65 49 87
65 100 87
65 33 88
65 63 93
65 35 94
65 74 94
37 101 25
37 75 4
37 95 3
37 38 3
37 85 3
37 94 2
37 22 1
37 58 1
37 65 1
37 48 0
37 80 1
37 51 2
37 41 4
37 57 4
37 90 5
37 7 5
37 77 5
37 81 7
37 27 8
37 64 9
37 62 10
37 56 11
37 79 11
37 66 13
37 72 13
37 102 13
37 60 14
37 12 15
37 18 16
37 1 17
37 32 20
37 50 20
37 30 21
37 42 21
37 23 23
37 4 24
37 83 24
37 92 25
37 55 27
37 52 29
37 21 31
37 14 32
37 53 32
37 71 33
37 45 35
37 54 35
37 82 35
37 84 35
37 17 38
37 36 42
37 96 43
37 28 43
37 91 44
37 6 44
37 89 45
37 39 46
37 78 47
37 24 48
37 43 48
37 10 49
37 5 49
37 11 50
37 87 52
37 88 57
37 44 57
37 47 59
37 93 61
37 9 62
37 59 64
37 46 65
37 76 65
37 16 66
37 99 67
37 13 67
37 26 67
37 40 67
37 61 67
37 69 67
37 19 68
37 31 68
37 34 68
37 29 69
37 98 71
37 20 73
37 68 73
37 70 73
37 15 77
37 86 77
37 25 78
37 73 78
37 67 80
37 3 82
37 8 84
37 97 85
37 2 86
37 49 86
37 100 86
37 33 87
37 63 92
37 35 93
37 74 93
48 101 25
48 75 4
48 95 3
48 38 3
48 85 3
48 94 2
48 22 1
48 58 1
48 65 1
48 37 0
48 80 1
48 51 2
48 41 4
48 57 4
48 90 5
48 7 5
48 77 5
48 81 7
48 27 8
48 64 9
48 62 10
48 56 11
48 79 11
48 66 13
48 72 13
48 102 13
48 60 14
48 12 15
48 18 16
48 1 17
48 32 20
48 50 20
48 30 21
48 42 21
48 23 23
48 4 24
48 83 24
48 92 25
48 55 27
48 52 29
48 21 31
48 14 32
48 53 32
48 71 33
48 45 35
48 54 35
48 82 35
48 84 35
48 17 38
48 36 42
48 96 43
48 28 43
48 91 44
48 6 44
48 89 45
48 39 46
48 78 47
48 24 48
48 43 48
48 10 49
48 5 49
48 11 50
48 87 52
48 88 57
48 44 57
48 47 59
48 93 61
48 9 62
48 59 64
48 46 65
48 76 65
48 16 66
48 99 67
48 13 67
48 26 67
48 40 67
48 61 67
48 69 67
48 19 68
48 31 68
48 34 68
48 29 69
48 98 71
48 20 73
48 68 73
48 70 73
48 15 77
48 86 77
48 25 78
48 73 78
48 67 80
48 3 82
48 8 84
48 97 85
48 2 86
48 49 86
48 100 86
48 33 87
48 63 92
48 35 93
48 74 93
80 101 26
80 75 5
80 95 4
80 38 4
80 85 4
80 94 3
80 22 2
80 58 2
80 65 2
80 37 1
80 48 1
80 51 1
80 41 3
80 57 3
80 90 4
80 7 4
80 77 4
80 81 6
80 27 7
80 64 8
80 62 9
80 56 10
80 79 10
80 66 12
80 72 12
80 102 12
80 60 13
80 12 14
80 18 15
80 1 16
80 32 19
80 50 19
80 30 20
80 42 20
80 23 22
80 4 23
80 83 23
80 92 24
80 55 26
80 52 28
80 21 30
80 14 31
80 53 31
80 71 32
80 45 34
80 54 34
80 82 34
80 84 34
80 17 37
80 36 41
80 96 42
80 28 42
80 91 43
80 6 43
80 89 44
80 39 45
80 78 46
80 24 47
80 43 47
80 10 48
80 5 48
80 11 49
80 87 51
80 88 56
80 44 56
80 47 58
80 93 60
80 9 61
80 59 63
80 46 64
80 76 64
80 16 65
80 99 66
80 13 66
80 26 66
80 40 66
80 61 66
80 69 66
80 19 67
80 31 67
80 34 67
80 29 68
80 98 70
80 20 72
80 68 72
80 70 72
80 15 76
80 86 76
80 25 77
80 73 77
80 67 79
80 3 81
80 8 83
80 97 84
80 2 85
80 49 85
80 100 85
80 33 86
80 63 91
80 35 92
80 74 92
51 101 27
51 75 6
51 95 5
51 38 5
51 85 5
51 94 4
51 22 3
51 58 3
51 65 3
51 37 2
51 48 2
51 80 1
51 41 2
51 57 2
51 90 3
51 7 3
51 77 3
51 81 5
51 27 6
51 64 7
51 62 8
51 56 9
51 79 9
51 66 11
51 72 11
51 102 11
51 60 12
51 12 13
51 18 14
51 1 15
51 32 18
51 50 18
51 30 19
51 42 19
51 23 21
51 4 22
51 83 22
51 92 23
51 55 25
51 52 27
51 21 29
51 14 30
51 53 30
51 71 31
51 45 33
51 54 33
51 82 33
51 84 33
51 17 36
51 36 40
51 96 41
51 28 41
51 91 42
51 6 42
51 89 43
51 39 44
51 78 45
51 24 46
51 43 46
51 10 47
51 5 47
51 11 48
51 87 50
51 88 55
51 44 55
51 47 57
51 93 59
51 9 60
51 59 62
51 46 63
51 76 63
51 16 64
51 99 65
51 13 65
51 26 65
51 40 65
51 61 65
51 69 65
51 19 66
51 31 66
51 34 66
51 29 67
51 98 69
51 20 71
51 68 71
51 70 71
51 15 75
51 86 75
51 25 76
51 73 76
51 67 78
51 3 80
51 8 82
51 97 83
51 2 84
51 49 84
51 100 84
51 33 85
51 63 90
51 35 91
51 74 91
41 101 29
41 75 8
41 95 7
41 38 7
41 85 7
41 94 6
41 22 5
41 58 5
41 65 5
41 37 4
41 48 4
41 80 3
41 51 2
41 57 0
41 90 1
41 7 1
41 77 1
41 81 3
41 27 4
41 64 5
41 62 6
41 56 7
41 79 7
41 66 9
41 72 9
41 102 9
41 60 10
41 12 11
41 18 12
41 1 13
41 32 16
41 50 16
41 30 17
41 42 17
41 23 19
41 4 20
41 83 20
41 92 21
41 55 23
41 52 25
41 21 27
41 14 28
41 53 28
41 71 29
41 45 31
41 54 31
41 82 31
41 84 31
41 17 34
41 36 38
41 96 39
41 28 39
41 91 40
41 6 40
41 89 41
41 39 42
41 78 43
41 24 44
41 43 44
41 10 45
41 5 45
41 11 46
41 87 48
41 88 53
41 44 53
41 47 55
41 93 57
41 9 58
41 59 60
41 46 61
41 76 61
41 16 62
41 99 63
41 13 63
41 26 63
41 40 63
41 61 63
41 69 63
41 19 64
41 31 64
41 34 64
41 29 65
41 98 67
41 20 69
41 68 69
41 70 69
41 15 73
41 86 73
41 25 74
41 73 74
41 67 76
41 3 78
41 8 80
41 97 81
41 2 82
41 49 82
41 100 82
41 33 83
41 63 88
41 35 89
41 74 89
57 101 29
57 75 8
57 95 7
57 38 7
57 85 7
57 94 6
57 22 5
57 58 5
57 65 5
57 37 4
57 48 4
57 80 3
57 51 2
57 41 0
57 90 1
57 7 1
57 77 1
57 81 3
57 27 4
57 64 5
57 62 6
57 56 7
57 79 7
57 66 9
57 72 9
57 102 9
57 60 10
57 12 11
57 18 12
57 1 13
57 32 16
57 50 16
57 30 17
57 42 17
57 23 19
57 4 20
57 83 20
57 92 21
57 55 23
57 52 25
57 21 27
57 14 28
57 53 28
57 71 29
57 45 31
57 54 31
57 82 31
57 84 31
57 17 34
57 36 38
57 96 39
57 28 39
57 91 40
57 6 40
57 89 41
57 39 42
57 78 43
57 24 44
57 43 44
57 10 45
57 5 45
57 11 46
57 87 48
57 88 53
57 44 53
57 47 55
57 93 57
57 9 58
57 59 60
57 46 61
57 76 61
57 16 62
57 99 63
57 13 63
57 26 63
57 40 63
57 61 63
57 69 63
57 19 64
57 31 64
57 34 64
57 29 65
57 98 67
57 20 69
57 68 69
57 70 69
57 15 73
57 86 73
57 25 74
57 73 74
57 67 76
57 3 78
57 8 80
57 97 81
57 2 82
57 49 82
57 100 82
57 33 83
57 63 88
57 35 89
57 74 89
90 101 30
90 75 9
90 95 8
90 38 8
90 85 8
90 94 7
90 22 6
90 58 6
90 65 6
90 37 5
90 48 5
90 80 4
90 51 3
90 41 1
90 57 1
90 7 0
90 77 0
90 81 2
90 27 3
90 64 4
90 62 5
90 56 6
90 79 6
90 66 8
90 72 8
90 102 8
90 60 9
90 12 10
90 18 11
90 1 12
90 32 15
90 50 15
90 30 16
90 42 16
90 23 18
90 4 19
90 83 19
90 92 20
90 55 22
90 52 24
90 21 26
90 14 27
90 53 27
90 71 28
90 45 30
90 54 30
90 82 30
90 84 30
90 17 33
90 36 37
90 96 38
90 28 38
90 91 39
90 6 39
90 89 40
90 39 41
90 78 42
90 24 43
90 43 43
90 10 44
90 5 44
90 11 45
90 87 47
90 88 52
90 44 52
90 47 54
90 93 56
90 9 57
90 59 59
90 46 60
90 76 60
90 16 61
90 99 62
90 13 62
90 26 62
90 40 62
90 61 62
90 69 62
90 19 63
90 31 63
90 34 63
90 29 64
90 98 66
90 20 68
90 68 68
90 70 68
90 15 72
90 86 72
90 25 73
90 73 73
90 67 75
90 3 77
90 8 79
90 97 80
90 2 81
90 49 81
90 100 81
90 33 82
90 63 87
90 35 88
90 74 88
7 101 30
7 75 9
7 95 8
7 38 8
7 85 8
7 94 7
7 22 6
7 58 6
7 65 6
7 37 5
7 48 5
7 80 4
7 51 3
7 41 1
7 57 1
7 90 0
7 77 0
7 81 2
7 27 3
7 64 4
7 62 5
7 56 6
7 79 6
7 66 8
7 72 8
7 102 8
7 60 9
7 12 10
7 18 11
7 1 12
7 32 15
7 50 15
7 30 16
7 42 16
7 23 18
7 4 19
7 83 19
7 92 20
7 55 22
7 52 24
7 21 26
7 14 27
7 53 27
7 71 28
7 45 30
7 54 30
7 82 30
7 84 30
7 17 33
7 36 37
7 96 38
7 28 38
7 91 39
7 6 39
7 89 40
7 39 41
7 78 42
7 24 43
7 43 43
7 10 44
7 5 44
7 11 45
7 87 47
7 88 52
7 44 52
7 47 54
7 93 56
7 9 57
7 59 59
7 46 60
7 76 60
7 16 61
7 99 62
7 13 62
7 26 62
7 40 62
7 61 62
7 69 62
7 19 63
7 31 63
7 34 63
7 29 64
7 98 66
7 20 68
7 68 68
7 70 68
7 15 72
7 86 72
7 25 73
7 73 73
7 67 75
7 3 77
7 8 79
7 97 80
7 2 81
7 49 81
7 100 81
7 33 82
7 63 87
7 35 88
7 74 88
77 101 30
77 75 9
77 95 8
77 38 8
77 85 8
77 94 7
77 22 6
77 58 6
77 65 6
77 37 5
77 48 5
77 80 4
77 51 3
77 41 1
77 57 1
77 90 0
77 7 0
77 81 2
77 27 3
77 64 4
77 62 5
77 56 6
77 79 6
77 66 8
77 72 8
77 102 8
77 60 9
77 12 10
77 18 11
77 1 12
77 32 15
77 50 15
77 30 16
77 42 16
77 23 18
77 4 19
77 83 19
77 92 20
77 55 22
77 52 24
77 21 26
77 14 27
77 53 27
77 71 28
77 45 30
77 54 30
77 82 30
77 84 30
77 17 33
77 36 37
77 96 38
77 28 38
77 91 39
77 6 39
77 89 40
77 39 41
77 78 42
77 24 43
77 43 43
77 10 44
77 5 44
77 11 45
77 87 47
77 88 52
77 44 52
77 47 54
77 93 56
77 9 57
77 59 59
77 46 60
77 76 60
77 16 61
77 99 62
77 13 62
77 26 62
77 40 62
77 61 62
77 69 62
77 19 63
77 31 63
77 34 63
77 29 64
77 98 66
77 20 68
77 68 68
77 70 68
77 15 72
77 86 72
77 25 73
77 73 73
77 67 75
77 3 77
77 8 79
77 97 80
77 2 81
77 49 81
77 100 81
77 33 82
77 63 87
77 35 88
77 74 88
81 101 32
81 75 11
81 95 10
81 38 10
81 85 10
81 94 9
81 22 8
81 58 8
81 65 8
81 37 7
81 48 7
81 80 6
81 51 5
81 41 3
81 57 3
81 90 2
81 7 2
81 77 2
81 27 1
81 64 2
81 62 3
81 56 4
81 79 4
81 66 6
81 72 6
81 102 6
81 60 7
81 12 8
81 18 9
81 1 10
81 32 13
81 50 13
81 30 14
81 42 14
81 23 16
81 4 17
81 83 17
81 92 18
81 55 20
81 52 22
81 21 24
81 14 25
81 53 25
81 71 26
81 45 28
81 54 28
81 82 28
81 84 28
81 17 31
81 36 35
81 96 36
81 28 36
81 91 37
81 6 37
81 89 38
81 39 39
81 78 40
81 24 41
81 43 41
81 10 42
81 5 42
81 11 43
81 87 45
81 88 50
81 44 50
81 47 52
81 93 54
81 9 55
81 59 57
81 46 58
81 76 58
81 16 59
81 99 60
81 13 60
81 26 60
81 40 60
81 61 60
81 69 60
81 19 61
81 31 61
81 34 61
81 29 62
81 98 64
81 20 66
81 68 66
81 70 66
81 15 70
81 86 70
81 25 71
81 73 71
81 67 73
81 3 75
81 8 77
81 97 78
81 2 79
81 49 79
81 100 79
81 33 80
81 63 85
81 35 86
81 74 86
27 101 33
27 75 12
27 95 11
27 38 11
27 85 11
27 94 10
27 22 9
27 58 9
27 65 9
27 37 8
27 48 8
27 80 7
27 51 6
27 41 4
27 57 4
27 90 3
27 7 3
27 77 3
27 81 1
27 64 1
27 62 2
27 56 3
27 79 3
27 66 5
27 72 5
27 102 5
27 60 6
27 12 7
27 18 8
27 1 9
27 32 12
27 50 12
27 30 13
27 42 13
27 23 15
27 4 16
27 83 16
27 92 17
27 55 19
27 52 21
27 21 23
27 14 24
27 53 24
27 71 25
27 45 27
27 54 27
27 82 27
27 84 27
27 17 30
27 36 34
27 96 35
27 28 35
27 91 36
27 6 36
27 89 37
27 39 38
27 78 39
27 24 40
27 43 40
27 10 41
27 5 41
27 11 42
27 87 44
27 88 49
27 44 49
27 47 51
27 93 53
27 9 54
27 59 56
27 46 57
27 76 57
27 16 58
27 99 59
27 13 59
27 26 59
27 40 59
27 61 59
27 69 59
27 19 60
27 31 60
27 34 60
27 29 61
27 98 63
27 20 65
27 68 65
27 70 65
27 15 69
27 86 69
27 25 70
27 73 70
27 67 72
27 3 74
27 8 76
27 97 77
27 2 78
27 49 78
27 100 78
27 33 79
27 63 84
27 35 85
27 74 85
64 101 34
64 75 13
64 95 12
64 38 12
64 85 12
64 94 11
64 22 10
64 58 10
64 65 10
64 37 9
64 48 9
64 80 8
64 51 7
64 41 5
64 57 5
64 90 4
64 7 4
64 77 4
64 81 2
64 27 1
64 62 1
64 56 2
64 79 2
64 66 4
64 72 4
64 102 4
64 60 5
64 12 6
64 18 7
64 1 8
64 32 11
64 50 11
64 30 12
64 42 12
64 23 14
64 4 15
64 83 15
64 92 16
64 55 18
64 52 20
64 21 22
64 14 23
64 53 23
64 71 24
64 45 26
64 54 26
64 82 26
64 84 26
64 17 29
64 36 33
64 96 34
64 28 34
64 91 35
64 6 35
64 89 36
64 39 37
64 78 38
64 24 39
64 43 39
64 10 40
64 5 40
64 11 41
64 87 43
64 88 48
64 44 48
64 47 50
64 93 52
64 9 53
64 59 55
64 46 56
64 76 56
64 16 57
64 99 58
64 13 58
64 26 58
64 40 58
64 61 58
64 69 58
64 19 59
64 31 59
64 34 59
64 29 60
64 98 62
64 20 64
64 68 64
64 70 64
64 15 68
64 86 68
64 25 69
64 73 69
64 67 71
64 3 73
64 8 75
64 97 76
64 2 77
64 49 77
64 100 77
64 33 78
64 63 83
64 35 84
64 74 84
62 101 35
62 75 14
62 95 13
62 38 13
62 85 13
62 94 12
62 22 11
62 58 11
62 65 11
62 37 10
62 48 10
62 80 9
62 51 8
62 41 6
62 57 6
62 90 5
62 7 5
62 77 5
62 81 3
62 27 2
62 64 1
62 56 1
62 79 1
62 66 3
62 72 3
62 102 3
62 60 4
62 12 5
62 18 6
62 1 7
62 32 10
62 50 10
62 30 11
62 42 11
62 23 13
62 4 14
62 83 14
62 92 15
62 55 17
62 52 19
62 21 21
62 14 22
62 53 22
62 71 23
62 45 25
62 54 25
62 82 25
62 84 25
62 17 28
62 36 32
62 96 33
62 28 33
62 91 34
62 6 34
62 89 35
62 39 36
62 78 37
62 24 38
62 43 38
62 10 39
62 5 39
62 11 40
62 87 42
62 88 47
62 44 47
62 47 49
62 93 51
62 9 52
62 59 54
62 46 55
62 76 55
62 16 56
62 99 57
62 13 57
62 26 57
62 40 57
62 61 57
62 69 57
62 19 58
62 31 58
62 34 58
62 29 59
62 98 61
62 20 63
62 68 63
62 70 63
62 15 67
62 86 67
62 25 68
62 73 68
62 67 70
62 3 72
62 8 74
62 97 75
62 2 76
62 49 76
62 100 76
62 33 77
62 63 82
62 35 83
62 74 83
56 101 36
56 75 15
56 95 14
56 38 14
56 85 14
56 94 13
56 22 12
56 58 12
56 65 12
56 37 11
56 48 11
56 80 10
56 51 9
56 41 7
56 57 7
56 90 6
56 7 6
56 77 6
56 81 4
56 27 3
56 64 2
56 62 1
56 79 0
56 66 2
56 72 2
56 102 2
56 60 3
56 12 4
56 18 5
56 1 6
56 32 9
56 50 9
56 30 10
56 42 10
56 23 12
56 4 13
56 83 13
56 92 14
56 55 16
56 52 18
56 21 20
56 14 21
56 53 21
56 71 22
56 45 24
56 54 24
56 82 24
56 84 24
56 17 27
56 36 31
56 96 32
56 28 32
56 91 33
56 6 33
56 89 34
56 39 35
56 78 36
56 24 37
56 43 37
56 10 38
56 5 38
56 11 39
56 87 41
56 88 46
56 44 46
56 47 48
56 93 50
56 9 51
56 59 53
56 46 54
56 76 54
56 16 55
56 99 56
56 13 56
56 26 56
56 40 56
56 61 56
56 69 56
56 19 57
56 31 57
56 34 57
56 29 58
56 98 60
56 20 62
56 68 62
56 70 62
56 15 66
56 86 66
56 25 67
56 73 67
56 67 69
56 3 71
56 8 73
56 97 74
56 2 75
56 49 75
56 100 75
56 33 76
56 63 81
56 35 82
56 74 82
79 101 36
79 75 15
79 95 14
79 38 14
79 85 14
79 94 13
79 22 12
79 58 12
79 65 12
79 37 11
79 48 11
79 80 10
79 51 9
79 41 7
79 57 7
79 90 6
79 7 6
79 77 6
79 81 4
79 27 3
79 64 2
79 62 1
79 56 0
79 66 2
79 72 2
79 102 2
79 60 3
79 12 4
79 18 5
79 1 6
79 32 9
79 50 9
79 30 10
79 42 10
79 23 12
79 4 13
79 83 13
79 92 14
79 55 16
79 52 18
79 21 20
79 14 21
79 53 21
79 71 22
79 45 24
79 54 24
79 82 24
79 84 24
79 17 27
79 36 31
79 96 32
79 28 32
79 91 33
79 6 33
79 89 34
79 39 35
79 78 36
79 24 37
79 43 37
79 10 38
79 5 38
79 11 39
79 87 41
79 88 46
79 44 46
79 47 48
79 93 50
79 9 51
79 59 53
79 46 54
79 76 54
79 16 55
79 99 56
79 13 56
79 26 56
79 40 56
79 61 56
79 69 56
79 19 57
79 31 57
79 34 57
79 29 58
79 98 60
79 20 62
79 68 62
79 70 62
79 15 66
79 86 66
79 25 67
79 73 67
79 67 69
79 3 71
79 8 73
79 97 74
79 2 75
79 49 75
79 100 75
79 33 76
79 63 81
79 35 82
79 74 82
66 101 38
66 75 17
66 95 16
66 38 16
66 85 16
66 94 15
66 22 14
66 58 14
66 65 14
66 37 13
66 48 13
66 80 12
66 51 11
66 41 9
66 57 9
66 90 8
66 7 8
66 77 8
66 81 6
66 27 5
66 64 4
66 62 3
66 56 2
66 79 2
66 72 0
66 102 0
66 60 1
66 12 2
66 18 3
66 1 4
66 32 7
66 50 7
66 30 8
66 42 8
66 23 10
66 4 11
66 83 11
66 92 12
66 55 14
66 52 16
66 21 18
66 14 19
66 53 19
66 71 20
66 45 22
66 54 22
66 82 22
66 84 22
66 17 25
66 36 29
66 96 30
66 28 30
66 91 31
66 6 31
66 89 32
66 39 33
66 78 34
66 24 35
66 43 35
66 10 36
66 5 36
66 11 37
66 87 39
66 88 44
66 44 44
66 47 46
66 93 48
66 9 49
66 59 51
66 46 52
66 76 52
66 16 53
66 99 54
66 13 54
66 26 54
66 40 54
66 61 54
66 69 54
66 19 55
66 31 55
66 34 55
66 29 56
66 98 58
66 20 60
66 68 60
66 70 60
66 15 64
66 86 64
66 25 65
66 73 65
66 67 67
66 3 69
66 8 71
66 97 72
66 2 73
66 49 73
66 100 73
66 33 74
66 63 79
66 35 80
66 74 80
72 101 38
72 75 17
72 95 16
72 38 16
72 85 16
72 94 15
72 22 14
72 58 14
72 65 14
72 37 13
72 48 13
72 80 12
72 51 11
72 41 9
72 57 9
72 90 8
72 7 8
72 77 8
72 81 6
72 27 5
72 64 4
72 62 3
72 56 2
72 79 2
72 66 0
72 102 0
72 60 1
72 12 2
72 18 3
72 1 4
72 32 7
72 50 7
72 30 8
72 42 8
72 23 10
72 4 11
72 83 11
72 92 12
72 55 14
72 52 16
72 21 18
72 14 19
72 53 19
72 71 20
72 45 22
72 54 22
72 82 22
72 84 22
72 17 25
72 36 29
72 96 30
72 28 30
72 91 31
72 6 31
72 89 32
72 39 33
72 78 34
72 24 35
72 43 35
72 10 36
72 5 36
72 11 37
72 87 39
72 88 44
72 44 44
72 47 46
72 93 48
72 9 49
72 59 51
72 46 52
72 76 52
72 16 53
72 99 54
72 13 54
72 26 54
72 40 54
72 61 54
72 69 54
72 19 55
72 31 55
72 34 55
72 29 56
72 98 58
72 20 60
72 68 60
72 70 60
72 15 64
72 86 64
72 25 65
72 73 65
72 67 67
72 3 69
72 8 71
72 97 72
72 2 73
72 49 73
72 100 73
72 33 74
72 63 79
72 35 80
72 74 80
102 101 38
102 75 17
102 95 16
102 38 16
102 85 16
102 94 15
102 22 14
102 58 14
102 65 14
102 37 13
102 48 13
102 80 12
102 51 11
102 41 9
102 57 9
102 90 8
102 7 8
102 77 8
102 81 6
102 27 5
102 64 4
102 62 3
102 56 2
102 79 2
102 66 0
102 72 0
102 60 1
102 12 2
102 18 3
102 1 4
102 32 7
102 50 7
102 30 8
102 42 8
102 23 10
102 4 11
102 83 11
102 92 12
102 55 14
102 52 16
102 21 18
102 14 19
102 53 19
102 71 20
102 45 22
102 54 22
102 82 22
102 84 22
102 17 25
102 36 29
102 96 30
102 28 30
102 91 31
102 6 31
102 89 32
102 39 33
102 78 34
102 24 35
102 43 35
102 10 36
102 5 36
102 11 37
102 87 39
102 88 44
102 44 44
102 47 46
102 93 48
102 9 49
102 59 51
102 46 52
102 76 52
102 16 53
102 99 54
102 13 54
102 26 54
102 40 54
102 61 54
102 69 54
102 19 55
102 31 55
102 34 55
102 29 56
102 98 58
102 20 60
102 68 60
102 70 60
102 15 64
102 86 64
102 25 65
102 73 65
102 67 67
102 3 69
102 8 71
102 97 72
102 2 73
102 49 73
102 100 73
102 33 74
102 63 79
102 35 80
102 74 80
60 101 39
60 75 18
60 95 17
60 38 17
60 85 17
60 94 16
60 22 15
60 58 15
60 65 15
60 37 14
60 48 14
60 80 13
60 51 12
60 41 10
60 57 10
60 90 9
60 7 9
60 77 9
60 81 7
60 27 6
60 64 5
60 62 4
60 56 3
60 79 3
60 66 1
60 72 1
60 102 1
60 12 1
60 18 2
60 1 3
60 32 6
60 50 6
60 30 7
60 42 7
60 23 9
60 4 10
60 83 10
60 92 11
60 55 13
60 52 15
60 21 17
60 14 18
60 53 18
60 71 19
60 45 21
60 54 21
60 82 21
60 84 21
60 17 24
60 36 28
60 96 29
60 28 29
60 91 30
60 6 30
60 89 31
60 39 32
60 78 33
60 24 34
60 43 34
60 10 35
60 5 35
60 11 36
60 87 38
60 88 43
60 44 43
60 47 45
60 93 47
60 9 48
60 59 50
60 46 51
60 76 51
60 16 52
60 99 53
60 13 53
60 26 53
60 40 53
60 61 53
60 69 53
60 19 54
60 31 54
60 34 54
60 29 55
60 98 57
60 20 59
60 68 59
60 70 59
60 15 63
60 86 63
60 25 64
60 73 64
60 67 66
60 3 68
60 8 70
60 97 71
60 2 72
60 49 72
60 100 72
60 33 73
60 63 78
60 35 79
60 74 79
12 101 40
12 75 19
12 95 18
12 38 18
12 85 18
12 94 17
12 22 16
12 58 16
12 65 16
12 37 15
12 48 15
12 80 14
12 51 13
12 41 11
12 57 11
12 90 10
12 7 10
12 77 10
12 81 8
12 27 7
12 64 6
12 62 5
12 56 4
12 79 4
12 66 2
12 72 2
12 102 2
12 60 1
12 18 1
12 1 2
12 32 5
12 50 5
12 30 6
12 42 6
12 23 8
12 4 9
12 83 9
12 92 10
12 55 12
12 52 14
12 21 16
12 14 17
12 53 17
12 71 18
12 45 20
12 54 20
12 82 20
12 84 20
12 17 23
12 36 27
12 96 28
12 28 28
12 91 29
12 6 29
12 89 30
12 39 31
12 78 32
12 24 33
12 43 33
12 10 34
12 5 34
12 11 35
12 87 37
12 88 42
12 44 42
12 47 44
12 93 46
12 9 47
12 59 49
12 46 50
12 76 50
12 16 51
12 99 52
12 13 52
12 26 52
12 40 52
12 61 52
12 69 52
12 19 53
12 31 53
12 34 53
12 29 54
12 98 56
12 20 58
12 68 58
12 70 58
12 15 62
12 86 62
12 25 63
12 73 63
12 67 65
12 3 67
12 8 69
12 97 70
12 2 71
12 49 71
12 100 71
12 33 72
12 63 77
12 35 78
12 74 78
18 101 41
18 75 20
18 95 19
18 38 19
18 85 19
18 94 18
18 22 17
18 58 17
18 65 17
18 37 16
18 48 16
18 80 15
18 51 14
18 41 12
18 57 12
18 90 11
18 7 11
18 77 11
18 81 9
18 27 8
18 64 7
18 62 6
18 56 5
18 79 5
18 66 3
18 72 3
18 102 3
18 60 2
18 12 1
18 1 1
18 32 4
18 50 4
18 30 5
18 42 5
18 23 7
18 4 8
18 83 8
18 92 9
18 55 11
18 52 13
18 21 15
18 14 16
18 53 16
18 71 17
18 45 19
18 54 19
18 82 19
18 84 19
18 17 22
18 36 26
18 96 27
18 28 27
18 91 28
18 6 28
18 89 29
18 39 30
18 78 31
18 24 32
18 43 32
18 10 33
18 5 33
18 11 34
18 87 36
18 88 41
18 44 41
18 47 43
18 93 45
18 9 46
18 59 48
18 46 49
18 76 49
18 16 50
18 99 51
18 13 51
18 26 51
18 40 51
18 61 51
18 69 51
18 19 52
18 31 52
18 34 52
18 29 53
18 98 55
18 20 57
18 68 57
18 70 57
18 15 61
18 86 61
18 25 62
18 73 62
18 67 64
18 3 66
18 8 68
18 97 69
18 2 70
18 49 70
18 100 70
18 33 71
18 63 76
18 35 77
18 74 77
1 101 42
1 75 21
1 95 20
1 38 20
1 85 20
1 94 19
1 22 18
1 58 18
1 65 18
1 37 17
1 48 17
1 80 16
1 51 15
1 41 13
1 57 13
1 90 12
1 7 12
1 77 12
1 81 10
1 27 9
1 64 8
1 62 7
1 56 6
1 79 6
1 66 4
1 72 4
1 102 4
1 60 3
1 12 2
1 18 1
1 32 3
1 50 3
1 30 4
1 42 4
1 23 6
1 4 7
1 83 7
1 92 8
1 55 10
1 52 12
1 21 14
1 14 15
1 53 15
1 71 16
1 45 18
1 54 18
1 82 18
1 84 18
1 17 21
1 36 25
1 96 26
1 28 26
1 91 27
1 6 27
1 89 28
1 39 29
1 78 30
1 24 31
1 43 31
1 10 32
1 5 32
1 11 33
1 87 35
1 88 40
1 44 40
1 47 42
1 93 44
1 9 45
1 59 47
1 46 48
1 76 48
1 16 49
1 99 50
1 13 50
1 26 50
1 40 50
1 61 50
1 69 50
1 19 51
1 31 51
1 34 51
1 29 52
1 98 54
1 20 56
1 68 56
1 70 56
1 15 60
1 86 60
1 25 61
1 73 61
1 67 63
1 3 65
1 8 67
1 97 68
1 2 69
1 49 69
1 100 69
1 33 70
1 63 75
1 35 76
1 74 76
32 101 45
32 75 24
32 95 23
32 38 23
32 85 23
32 94 22
32 22 21
32 58 21
32 65 21
32 37 20
32 48 20
32 80 19
32 51 18
32 41 16
32 57 16
32 90 15
32 7 15
32 77 15
32 81 13
32 27 12
32 64 11
32 62 10
32 56 9
32 79 9
32 66 7
32 72 7
32 102 7
32 60 6
32 12 5
32 18 4
32 1 3
32 50 0
32 30 1
32 42 1
32 23 3
32 4 4
32 83 4
32 92 5
32 55 7
32 52 9
32 21 11
32 14 12
32 53 12
32 71 13
32 45 15
32 54 15
32 82 15
32 84 15
32 17 18
32 36 22
32 96 23
32 28 23
32 91 24
32 6 24
32 89 25
32 39 26
32 78 27
32 24 28
32 43 28
32 10 29
32 5 29
32 11 30
32 87 32
32 88 37
32 44 37
32 47 39
32 93 41
32 9 42
32 59 44
32 46 45
32 76 45
32 16 46
32 99 47
32 13 47
32 26 47
32 40 47
32 61 47
32 69 47
32 19 48
32 31 48
32 34 48
32 29 49
32 98 51
32 20 53
32 68 53
32 70 53
32 15 57
32 86 57
32 25 58
32 73 58
32 67 60
32 3 62
32 8 64
32 97 65
32 2 66
32 49 66
32 100 66
32 33 67
32 63 72
32 35 73
32 74 73
50 101 45
50 75 24
50 95 23
50 38 23
50 85 23
50 94 22
50 22 21
50 58 21
50 65 21
50 37 20
50 48 20
50 80 19
50 51 18
50 41 16
50 57 16
50 90 15
50 7 15
50 77 15
50 81 13
50 27 12
50 64 11
50 62 10
50 56 9
50 79 9
50 66 7
50 72 7
50 102 7
50 60 6
50 12 5
50 18 4
50 1 3
50 32 0
50 30 1
50 42 1
50 23 3
50 4 4
50 83 4
50 92 5
50 55 7
50 52 9
50 21 11
50 14 12
50 53 12
50 71 13
50 45 15
50 54 15
50 82 15
50 84 15
50 17 18
50 36 22
50 96 23
50 28 23
50 91 24
50 6 24
50 89 25
50 39 26
50 78 27
50 24 28
50 43 28
50 10 29
50 5 29
50 11 30
50 87 32
50 88 37
50 44 37
50 47 39
50 93 41
50 9 42
50 59 44
50 46 45
50 76 45
50 16 46
50 99 47
50 13 47
50 26 47
50 40 47
50 61 47
50 69 47
50 19 48
50 31 48
50 34 48
50 29 49
50 98 51
50 20 53
50 68 53
50 70 53
50 15 57
50 86 57
50 25 58
50 73 58
50 67 60
50 3 62
50 8 64
50 97 65
50 2 66
50 49 66
50 100 66
50 33 67
50 63 72
50 35 73
50 74 73
30 101 46
30 75 25
30 95 24
30 38 24
30 85 24
30 94 23
30 22 22
30 58 22
30 65 22
30 37 21
30 48 21
30 80 20
30 51 19
30 41 17
30 57 17
30 90 16
30 7 16
30 77 16
30 81 14
30 27 13
30 64 12
30 62 11
30 56 10
30 79 10
30 66 8
30 72 8
30 102 8
30 60 7
30 12 6
30 18 5
30 1 4
30 32 1
30 50 1
30 42 0
30 23 2
30 4 3
30 83 3
30 92 4
30 55 6
30 52 8
30 21 10
30 14 11
30 53 11
30 71 12
30 45 14
30 54 14
30 82 14
30 84 14
30 17 17
30 36 21
30 96 22
30 28 22
30 91 23
30 6 23
30 89 24
30 39 25
30 78 26
30 24 27
30 43 27
30 10 28
30 5 28
30 11 29
30 87 31
30 88 36
30 44 36
30 47 38
30 93 40
30 9 41
30 59 43
30 46 44
30 76 44
30 16 45
30 99 46
30 13 46
30 26 46
30 40 46
30 61 46
30 69 46
30 19 47
30 31 47
30 34 47
30 29 48
30 98 50
30 20 52
30 68 52
30 70 52
30 15 56
30 86 56
30 25 57
30 73 57
30 67 59
30 3 61
30 8 63
30 97 64
30 2 65
30 49 65
30 100 65
30 33 66
30 63 71
30 35 72
30 74 72
42 101 46
42 75 25
42 95 24
42 38 24
42 85 24
42 94 23
42 22 22
42 58 22
42 65 22
42 37 21
42 48 21
42 80 20
42 51 19
42 41 17
42 57 17
42 90 16
42 7 16
42 77 16
42 81 14
42 27 13
42 64 12
42 62 11
42 56 10
42 79 10
42 66 8
42 72 8
42 102 8
42 60 7
42 12 6
42 18 5
42 1 4
42 32 1
42 50 1
42 30 0
42 23 2
42 4 3
42 83 3
42 92 4
42 55 6
42 52 8
42 21 10
42 14 11
42 53 11
42 71 12
42 45 14
42 54 14
42 82 14
42 84 14
42 17 17
42 36 21
42 96 22
42 28 22
42 91 23
42 6 23
42 89 24
42 39 25
42 78 26
42 24 27
42 43 27
42 10 28
42 5 28
42 11 29
42 87 31
42 88 36
42 44 36
42 47 38
42 93 40
42 9 41
42 59 43
42 46 44
42 76 44
42 16 45
42 99 46
42 13 46
42 26 46
42 40 46
42 61 46
42 69 46
42 19 47
42 31 47
42 34 47
42 29 48
42 98 50
42 20 52
42 68 52
42 70 52
42 15 56
42 86 56
42 25 57
42 73 57
42 67 59
42 3 61
42 8 63
42 97 64
42 2 65
42 49 65
42 100 65
42 33 66
42 63 71
42 35 72
42 74 72
23 101 48
23 75 27
23 95 26
23 38 26
23 85 26
23 94 25
23 22 24
23 58 24
23 65 24
23 37 23
23 48 23
23 80 22
23 51 21
23 41 19
23 57 19
23 90 18
23 7 18
23 77 18
23 81 16
23 27 15
23 64 14
23 62 13
23 56 12
23 79 12
23 66 10
23 72 10
23 102 10
23 60 9
23 12 8
23 18 7
23 1 6
23 32 3
23 50 3
23 30 2
23 42 2
23 4 1
23 83 1
23 92 2
23 55 4
23 52 6
23 21 8
23 14 9
23 53 9
23 71 10
23 45 12
23 54 12
23 82 12
23 84 12
23 17 15
23 36 19
23 96 20
23 28 20
23 91 21
23 6 21
23 89 22
23 39 23
23 78 24
23 24 25
23 43 25
23 10 26
23 5 26
23 11 27
23 87 29
23 88 34
23 44 34
23 47 36
23 93 38
23 9 39
23 59 41
23 46 42
23 76 42
23 16 43
23 99 44
23 13 44
23 26 44
23 40 44
23 61 44
23 69 44
23 19 45
23 31 45
23 34 45
23 29 46
23 98 48
23 20 50
23 68 50
23 70 50
23 15 54
23 86 54
23 25 55
23 73 55
23 67 57
23 3 59
23 8 61
23 97 62
23 2 63
23 49 63
23 100 63
23 33 64
23 63 69
23 35 70
23 74 70
4 101 49
4 75 28
4 95 27
4 38 27
4 85 27
4 94 26
4 22 25
4 58 25
4 65 25
4 37 24
4 48 24
4 80 23
4 51 22
4 41 20
4 57 20
4 90 19
4 7 19
4 77 19
4 81 17
4 27 16
4 64 15
4 62 14
4 56 13
4 79 13
4 66 11
4 72 11
4 102 11
4 60 10
4 12 9
4 18 8
4 1 7
4 32 4
4 50 4
4 30 3
4 42 3
4 23 1
4 83 0
4 92 1
4 55 3
4 52 5
4 21 7
4 14 8
4 53 8
4 71 9
4 45 11
4 54 11
4 82 11
4 84 11
4 17 14
4 36 18
4 96 19
4 28 19
4 91 20
4 6 20
4 89 21
4 39 22
4 78 23
4 24 24
4 43 24
4 10 25
4 5 25
4 11 26
4 87 28
4 88 33
4 44 33
4 47 35
4 93 37
4 9 38
4 59 40
4 46 41
4 76 41
4 16 42
4 99 43
4 13 43
4 26 43
4 40 43
4 61 43
4 69 43
4 19 44
4 31 44
4 34 44
4 29 45
4 98 47
4 20 49
4 68 49
4 70 49
4 15 53
4 86 53
4 25 54
4 73 54
4 67 56
4 3 58
4 8 60
4 97 61
4 2 62
4 49 62
4 100 62
4 33 63
4 63 68
4 35 69
4 74 69
83 101 49
83 75 28
83 95 27
83 38 27
83 85 27
83 94 26
83 22 25
83 58 25
83 65 25
83 37 24
83 48 24
83 80 23
83 51 22
83 41 20
83 57 20
83 90 19
83 7 19
83 77 19
83 81 17
83 27 16
83 64 15
83 62 14
83 56 13
83 79 13
83 66 11
83 72 11
83 102 11
83 60 10
83 12 9
83 18 8
83 1 7
83 32 4
83 50 4
83 30 3
83 42 3
83 23 1
83 4 0
83 92 1
83 55 3
83 52 5
83 21 7
83 14 8
83 53 8
83 71 9
83 45 11
83 54 11
83 82 11
83 84 11
83 17 14
83 36 18
83 96 19
83 28 19
83 91 20
83 6 20
83 89 21
83 39 22
83 78 23
83 24 24
83 43 24
83 10 25
83 5 25
83 11 26
83 87 28
83 88 33
83 44 33
83 47 35
83 93 37
83 9 38
83 59 40
83 46 41
83 76 41
83 16 42
83 99 43
83 13 43
83 26 43
83 40 43
83 61 43
83 69 43
83 19 44
83 31 44
83 34 44
83 29 45
83 98 47
83 20 49
83 68 49
83 70 49
83 15 53
83 86 53
83 25 54
83 73 54
83 67 56
83 3 58
83 8 60
83 97 61
83 2 62
83 49 62
83 100 62
83 33 63
83 63 68
83 35 69
83 74 69
92 101 50
92 75 29
92 95 28
92 38 28
92 85 28
92 94 27
92 22 26
92 58 26
92 65 26
92 37 25
92 48 25
92 80 24
92 51 23
92 41 21
92 57 21
92 90 20
92 7 20
92 77 20
92 81 18
92 27 17
92 64 16
92 62 15
92 56 14
92 79 14
92 66 12
92 72 12
92 102 12
92 60 11
92 12 10
92 18 9
92 1 8
92 32 5
92 50 5
92 30 4
92 42 4
92 23 2
92 4 1
92 83 1
92 55 2
92 52 4
92 21 6
92 14 7
92 53 7
92 71 8
92 45 10
92 54 10
92 82 10
92 84 10
92 17 13
92 36 17
92 96 18
92 28 18
92 91 19
92 6 19
92 89 20
92 39 21
92 78 22
92 24 23
92 43 23
92 10 24
92 5 24
92 11 25
92 87 27
92 88 32
92 44 32
92 47 34
92 93 36
92 9 37
92 59 39
92 46 40
92 76 40
92 16 41
92 99 42
92 13 42
92 26 42
92 40 42
92 61 42
92 69 42
92 19 43
92 31 43
92 34 43
92 29 44
92 98 46
92 20 48
92 68 48
92 70 48
92 15 52
92 86 52
92 25 53
92 73 53
92 67 55
92 3 57
92 8 59
92 97 60
92 2 61
92 49 61
92 100 61
92 33 62
92 63 67
92 35 68
92 74 68
55 101 52
55 75 31
55 95 30
55 38 30
55 85 30
55 94 29
55 22 28
55 58 28
55 65 28
55 37 27
55 48 27
55 80 26
55 51 25
55 41 23
55 57 23
55 90 22
55 7 22
55 77 22
55 81 20
55 27 19
55 64 18
55 62 17
55 56 16
55 79 16
55 66 14
55 72 14
55 102 14
55 60 13
55 12 12
55 18 11
55 1 10
55 32 7
55 50 7
55 30 6
55 42 6
55 23 4
55 4 3
55 83 3
55 92 2
55 52 2
55 21 4
55 14 5
55 53 5
55 71 6
55 45 8
55 54 8
55 82 8
55 84 8
55 17 11
55 36 15
55 96 16
55 28 16
55 91 17
55 6 17
55 89 18
55 39 19
55 78 20
55 24 21
55 43 21
55 10 22
55 5 22
55 11 23
55 87 25
55 88 30
55 44 30
55 47 32
55 93 34
55 9 35
55 59 37
55 46 38
55 76 38
55 16 39
55 99 40
55 13 40
55 26 40
55 40 40
55 61 40
55 69 40
55 19 41
55 31 41
55 34 41
55 29 42
55 98 44
55 20 46
55 68 46
55 70 46
55 15 50
55 86 50
55 25 51
55 73 51
55 67 53
55 3 55
55 8 57
55 97 58
55 2 59
55 49 59
55 100 59
55 33 60
55 63 65
55 35 66
55 74 66
52 101 54
52 75 33
52 95 32
52 38 32
52 85 32
52 94 31
52 22 30
52 58 30
52 65 30
52 37 29
52 48 29
52 80 28
52 51 27
52 41 25
52 57 25
52 90 24
52 7 24
52 77 24
52 81 22
52 27 21
52 64 20
52 62 19
52 56 18
52 79 18
52 66 16
52 72 16
52 102 16
52 60 15
52 12 14
52 18 13
52 1 12
52 32 9
52 50 9
52 30 8
52 42 8
52 23 6
52 4 5
52 83 5
52 92 4
52 55 2
52 21 2
52 14 3
52 53 3
52 71 4
52 45 6
52 54 6
52 82 6
52 84 6
52 17 9
52 36 13
52 96 14
52 28 14
52 91 15
52 6 15
52 89 16
52 39 17
52 78 18
52 24 19
52 43 19
52 10 20
52 5 20
52 11 21
52 87 23
52 88 28
52 44 28
52 47 30
52 93 32
52 9 33
52 59 35
52 46 36
52 76 36
52 16 37
52 99 38
52 13 38
52 26 38
52 40 38
52 61 38
52 69 38
52 19 39
52 31 39
52 34 39
52 29 40
52 98 42
52 20 44
52 68 44
52 70 44
52 15 48
52 86 48
52 25 49
52 73 49
52 67 51
52 3 53
52 8 55
52 97 56
52 2 57
52 49 57
52 100 57
52 33 58
52 63 63
52 35 64
52 74 64
21 101 56
21 75 35
21 95 34
21 38 34
21 85 34
21 94 33
21 22 32
21 58 32
21 65 32
21 37 31
21 48 31
21 80 30
21 51 29
21 41 27
21 57 27
21 90 26
21 7 26
21 77 26
21 81 24
21 27 23
21 64 22
21 62 21
21 56 20
21 79 20
21 66 18
21 72 18
21 102 18
21 60 17
21 12 16
21 18 15
21 1 14
21 32 11
21 50 11
21 30 10
21 42 10
21 23 8
21 4 7
21 83 7
21 92 6
21 55 4
21 52 2
21 14 1
21 53 1
21 71 2
21 45 4
21 54 4
21 82 4
21 84 4
21 17 7
21 36 11
21 96 12
21 28 12
21 91 13
21 6 13
21 89 14
21 39 15
21 78 16
21 24 17
21 43 17
21 10 18
21 5 18
21 11 19
21 87 21
21 88 26
21 44 26
21 47 28
21 93 30
21 9 31
21 59 33
21 46 34
21 76 34
21 16 35
21 99 36
21 13 36
21 26 36
21 40 36
21 61 36
21 69 36
21 19 37
21 31 37
21 34 37
21 29 38
21 98 40
21 20 42
21 68 42
21 70 42
21 15 46
21 86 46
21 25 47
21 73 47
21 67 49
21 3 51
21 8 53
21 97 54
21 2 55
21 49 55
21 100 55
21 33 56
21 63 61
21 35 62
21 74 62
14 101 57
14 75 36
14 95 35
14 38 35
14 85 35
14 94 34
14 22 33
14 58 33
14 65 33
14 37 32
14 48 32
14 80 31
14 51 30
14 41 28
14 57 28
14 90 27
14 7 27
14 77 27
14 81 25
14 27 24
14 64 23
14 62 22
14 56 21
14 79 21
14 66 19
14 72 19
14 102 19
14 60 18
14 12 17
14 18 16
14 1 15
14 32 12
14 50 12
14 30 11
14 42 11
14 23 9
14 4 8
14 83 8
14 92 7
14 55 5
14 52 3
14 21 1
14 53 0
14 71 1
14 45 3
14 54 3
14 82 3
14 84 3
14 17 6
14 36 10
14 96 11
14 28 11
14 91 12
14 6 12
14 89 13
14 39 14
14 78 15
14 24 16
14 43 16
14 10 17
14 5 17
14 11 18
14 87 20
14 88 25
14 44 25
14 47 27
14 93 29
14 9 30
14 59 32
14 46 33
14 76 33
14 16 34
14 99 35
14 13 35
14 26 35
14 40 35
14 61 35
14 69 35
14 19 36
14 31 36
14 34 36
14 29 37
14 98 39
14 20 41
14 68 41
14 70 41
14 15 45
14 86 45
14 25 46
14 73 46
14 67 48
14 3 50
14 8 52
14 97 53
14 2 54
14 49 54
14 100 54
14 33 55
14 63 60
14 35 61
14 74 61
53 101 57
53 75 36
53 95 35
53 38 35
53 85 35
53 94 34
53 22 33
53 58 33
53 65 33
53 37 32
53 48 32
53 80 31
53 51 30
53 41 28
53 57 28
53 90 27
53 7 27
53 77 27
53 81 25
53 27 24
53 64 23
53 62 22
53 56 21
53 79 21
53 66 19
53 72 19
53 102 19
53 60 18
53 12 17
53 18 16
53 1 15
53 32 12
53 50 12
53 30 11
53 42 11
53 23 9
53 4 8
53 83 8
53 92 7
53 55 5
53 52 3
53 21 1
53 14 0
53 71 1
53 45 3
53 54 3
53 82 3
53 84 3
53 17 6
53 36 10
53 96 11
53 28 11
53 91 12
53 6 12
53 89 13
53 39 14
53 78 15
53 24 16
53 43 16
53 10 17
53 5 17
53 11 18
53 87 20
53 88 25
53 44 25
53 47 27
53 93 29
53 9 30
53 59 32
53 46 33
53 76 33
53 16 34
53 99 35
53 13 35
53 26 35
53 40 35
53 61 35
53 69 35
53 19 36
53 31 36
53 34 36
53 29 37
53 98 39
53 20 41
53 68 41
53 70 41
53 15 45
53 86 45
53 25 46
53 73 46
53 67 48
53 3 50
53 8 52
53 97 53
53 2 54
53 49 54
53 100 54
53 33 55
53 63 60
53 35 61
53 74 61
71 101 58
71 75 37
71 95 36
71 38 36
71 85 36
71 94 35
71 22 34
71 58 34
71 65 34
71 37 33
71 48 33
71 80 32
71 51 31
71 41 29
71 57 29
71 90 28
71 7 28
71 77 28
71 81 26
71 27 25
71 64 24
71 62 23
71 56 22
71 79 22
71 66 20
71 72 20
71 102 20
71 60 19
71 12 18
71 18 17
71 1 16
71 32 13
71 50 13
71 30 12
71 42 12
71 23 10
71 4 9
71 83 9
71 92 8
71 55 6
71 52 4
71 21 2
71 14 1
71 53 1
71 45 2
71 54 2
71 82 2
71 84 2
71 17 5
71 36 9
71 96 10
71 28 10
71 91 11
71 6 11
71 89 12
71 39 13
71 78 14
71 24 15
71 43 15
71 10 16
71 5 16
71 11 17
71 87 19
71 88 24
71 44 24
71 47 26
71 93 28
71 9 29
71 59 31
71 46 32
71 76 32
71 16 33
71 99 34
71 13 34
71 26 34
71 40 34
71 61 34
71 69 34
71 19 35
71 31 35
71 34 35
71 29 36
71 98 38
71 20 40
71 68 40
71 70 40
71 15 44
71 86 44
71 25 45
71 73 45
71 67 47
71 3 49
71 8 51
71 97 52
71 2 53
71 49 53
71 100 53
71 33 54
71 63 59
71 35 60
71 74 60
45 101 60
45 75 39
45 95 38
45 38 38
45 85 38
45 94 37
45 22 36
45 58 36
45 65 36
45 37 35
45 48 35
45 80 34
45 51 33
45 41 31
45 57 31
45 90 30
45 7 30
45 77 30
45 81 28
45 27 27
45 64 26
45 62 25
45 56 24
45 79 24
45 66 22
45 72 22
45 102 22
45 60 21
45 12 20
45 18 19
45 1 18
45 32 15
45 50 15
45 30 14
45 42 14
45 23 12
45 4 11
45 83 11
45 92 10
45 55 8
45 52 6
45 21 4
45 14 3
45 53 3
45 71 2
45 54 0
45 82 0
45 84 0
45 17 3
45 36 7
45 96 8
45 28 8
45 91 9
45 6 9
45 89 10
45 39 11
45 78 12
45 24 13
45 43 13
45 10 14
45 5 14
45 11 15
45 87 17
45 88 22
45 44 22
45 47 24
45 93 26
45 9 27
45 59 29
45 46 30
45 76 30
45 16 31
45 99 32
45 13 32
45 26 32
45 40 32
45 61 32
45 69 32
45 19 33
45 31 33
45 34 33
45 29 34
45 98 36
45 20 38
45 68 38
45 70 38
45 15 42
45 86 42
45 25 43
45 73 43
45 67 45
45 3 47
45 8 49
45 97 50
45 2 51
45 49 51
45 100 51
45 33 52
45 63 57
45 35 58
45 74 58
54 101 60
54 75 39
54 95 38
54 38 38
54 85 38
54 94 37
54 22 36
54 58 36
54 65 36
54 37 35
54 48 35
54 80 34
54 51 33
54 41 31
54 57 31
54 90 30
54 7 30
54 77 30
54 81 28
54 27 27
54 64 26
54 62 25
54 56 24
54 79 24
54 66 22
54 72 22
54 102 22
54 60 21
54 12 20
54 18 19
54 1 18
54 32 15
54 50 15
54 30 14
54 42 14
54 23 12
54 4 11
54 83 11
54 92 10
54 55 8
54 52 6
54 21 4
54 14 3
54 53 3
54 71 2
54 45 0
54 82 0
54 84 0
54 17 3
54 36 7
54 96 8
54 28 8
54 91 9
54 6 9
54 89 10
54 39 11
54 78 12
54 24 13
54 43 13
54 10 14
54 5 14
54 11 15
54 87 17
54 88 22
54 44 22
54 47 24
54 93 26
54 9 27
54 59 29
54 46 30
54 76 30
54 16 31
54 99 32
54 13 32
54 26 32
54 40 32
54 61 32
54 69 32
54 19 33
54 31 33
54 34 33
54 29 34
54 98 36
54 20 38
54 68 38
54 70 38
54 15 42
54 86 42
54 25 43
54 73 43
54 67 45
54 3 47
54 8 49
54 97 50
54 2 51
54 49 51
54 100 51
54 33 52
54 63 57
54 35 58
54 74 58
82 101 60
82 75 39
82 95 38
82 38 38
82 85 38
82 94 37
82 22 36
82 58 36
82 65 36
82 37 35
82 48 35
82 80 34
82 51 33
82 41 31
82 57 31
82 90 30
82 7 30
82 77 30
82 81 28
82 27 27
82 64 26
82 62 25
82 56 24
82 79 24
82 66 22
82 72 22
82 102 22
82 60 21
82 12 20
82 18 19
82 1 18
82 32 15
82 50 15
82 30 14
82 42 14
82 23 12
82 4 11
82 83 11
82 92 10
82 55 8
82 52 6
82 21 4
82 14 3
82 53 3
82 71 2
82 45 0
82 54 0
82 84 0
82 17 3
82 36 7
82 96 8
82 28 8
82 91 9
82 6 9
82 89 10
82 39 11
82 78 12
82 24 13
82 43 13
82 10 14
82 5 14
82 11 15
82 87 17
82 88 22
82 44 22
82 47 24
82 93 26
82 9 27
82 59 29
82 46 30
82 76 30
82 16 31
82 99 32
82 13 32
82 26 32
82 40 32
82 61 32
82 69 32
82 19 33
82 31 33
82 34 33
82 29 34
82 98 36
82 20 38
82 68 38
82 70 38
82 15 42
82 86 42
82 25 43
82 73 43
82 67 45
82 3 47
82 8 49
82 97 50
82 2 51
82 49 51
82 100 51
82 33 52
82 63 57
82 35 58
82 74 58
84 101 60
84 75 39
84 95 38
84 38 38
84 85 38
84 94 37
84 22 36
84 58 36
84 65 36
84 37 35
84 48 35
84 80 34
84 51 33
84 41 31
84 57 31
84 90 30
84 7 30
84 77 30
84 81 28
84 27 27
84 64 26
84 62 25
84 56 24
84 79 24
84 66 22
84 72 22
84 102 22
84 60 21
84 12 20
84 18 19
84 1 18
84 32 15
84 50 15
84 30 14
84 42 14
84 23 12
84 4 11
84 83 11
84 92 10
84 55 8
84 52 6
84 21 4
84 14 3
84 53 3
84 71 2
84 45 0
84 54 0
84 82 0
84 17 3
84 36 7
84 96 8
84 28 8
84 91 9
84 6 9
84 89 10
84 39 11
84 78 12
84 24 13
84 43 13
84 10 14
84 5 14
84 11 15
84 87 17
84 88 22
84 44 22
84 47 24
84 93 26
84 9 27
84 59 29
84 46 30
84 76 30
84 16 31
84 99 32
84 13 32
84 26 32
84 40 32
84 61 32
84 69 32
84 19 33
84 31 33
84 34 33
84 29 34
84 98 36
84 20 38
84 68 38
84 70 38
84 15 42
84 86 42
84 25 43
84 73 43
84 67 45
84 3 47
84 8 49
84 97 50
84 2 51
84 49 51
84 100 51
84 33 52
84 63 57
84 35 58
84 74 58
17 101 63
17 75 42
17 95 41
17 38 41
17 85 41
17 94 40
17 22 39
17 58 39
17 65 39
17 37 38
17 48 38
17 80 37
17 51 36
17 41 34
17 57 34
17 90 33
17 7 33
17 77 33
17 81 31
17 27 30
17 64 29
17 62 28
17 56 27
17 79 27
17 66 25
17 72 25
17 102 25
17 60 24
17 12 23
17 18 22
17 1 21
17 32 18
17 50 18
17 30 17
17 42 17
17 23 15
17 4 14
17 83 14
17 92 13
17 55 11
17 52 9
17 21 7
17 14 6
17 53 6
17 71 5
17 45 3
17 54 3
17 82 3
17 84 3
17 36 4
17 96 5
17 28 5
17 91 6
17 6 6
17 89 7
17 39 8
17 78 9
17 24 10
17 43 10
17 10 11
17 5 11
17 11 12
17 87 14
17 88 19
17 44 19
17 47 21
17 93 23
17 9 24
17 59 26
17 46 27
17 76 27
17 16 28
17 99 29
17 13 29
17 26 29
17 40 29
17 61 29
17 69 29
17 19 30
17 31 30
17 34 30
17 29 31
17 98 33
17 20 35
17 68 35
17 70 35
17 15 39
17 86 39
17 25 40
17 73 40
17 67 42
17 3 44
17 8 46
17 97 47
17 2 48
17 49 48
17 100 48
17 33 49
17 63 54
17 35 55
17 74 55
36 101 67
36 75 46
36 95 45
36 38 45
36 85 45
36 94 44
36 22 43
36 58 43
36 65 43
36 37 42
36 48 42
36 80 41
36 51 40
36 41 38
36 57 38
36 90 37
36 7 37
36 77 37
36 81 35
36 27 34
36 64 33
36 62 32
36 56 31
36 79 31
36 66 29
36 72 29
36 102 29
36 60 28
36 12 27
36 18 26
36 1 25
36 32 22
36 50 22
36 30 21
36 42 21
36 23 19
36 4 18
36 83 18
36 92 17
36 55 15
36 52 13
36 21 11
36 14 10
36 53 10
36 71 9
36 45 7
36 54 7
36 82 7
36 84 7
36 17 4
36 96 1
36 28 1
36 91 2
36 6 2
36 89 3
36 39 4
36 78 5
36 24 6
36 43 6
36 10 7
36 5 7
36 11 8
36 87 10
36 88 15
36 44 15
36 47 17
36 93 19
36 9 20
36 59 22
36 46 23
36 76 23
36 16 24
36 99 25
36 13 25
36 26 25
36 40 25
36 61 25
36 69 25
36 19 26
36 31 26
36 34 26
36 29 27
36 98 29
36 20 31
36 68 31
36 70 31
36 15 35
36 86 35
36 25 36
36 73 36
36 67 38
36 3 40
36 8 42
36 97 43
36 2 44
36 49 44
36 100 44
36 33 45
36 63 50
36 35 51
36 74 51
96 101 68
96 75 47
96 95 46
96 38 46
96 85 46
96 94 45
96 22 44
96 58 44
96 65 44
96 37 43
96 48 43
96 80 42
96 51 41
96 41 39
96 57 39
96 90 38
96 7 38
96 77 38
96 81 36
96 27 35
96 64 34
96 62 33
96 56 32
96 79 32
96 66 30
96 72 30
96 102 30
96 60 29
96 12 28
96 18 27
96 1 26
96 32 23
96 50 23
96 30 22
96 42 22
96 23 20
96 4 19
96 83 19
96 92 18
96 55 16
96 52 14
96 21 12
96 14 11
96 53 11
96 71 10
96 45 8
96 54 8
96 82 8
96 84 8
96 17 5
96 36 1
96 28 0
96 91 1
96 6 1
96 89 2
96 39 3
96 78 4
96 24 5
96 43 5
96 10 6
96 5 6
96 11 7
96 87 9
96 88 14
96 44 14
96 47 16
96 93 18
96 9 19
96 59 21
96 46 22
96 76 22
96 16 23
96 99 24
96 13 24
96 26 24
96 40 24
96 61 24
96 69 24
96 19 25
96 31 25
96 34 25
96 29 26
96 98 28
96 20 30
96 68 30
96 70 30
96 15 34
96 86 34
96 25 35
96 73 35
96 67 37
96 3 39
96 8 41
96 97 42
96 2 43
96 49 43
96 100 43
96 33 44
96 63 49
96 35 50
96 74 50
28 101 68
28 75 47
28 95 46
28 38 46
28 85 46
28 94 45
28 22 44
28 58 44
28 65 44
28 37 43
28 48 43
28 80 42
28 51 41
28 41 39
28 57 39
28 90 38
28 7 38
28 77 38
28 81 36
28 27 35
28 64 34
28 62 33
28 56 32
28 79 32
28 66 30
28 72 30
28 102 30
28 60 29
28 12 28
28 18 27
28 1 26
28 32 23
28 50 23
28 30 22
28 42 22
28 23 20
28 4 19
28 83 19
28 92 18
28 55 16
28 52 14
28 21 12
28 14 11
28 53 11
28 71 10
28 45 8
28 54 8
28 82 8
28 84 8
28 17 5
28 36 1
28 96 0
28 91 1
28 6 1
28 89 2
28 39 3
28 78 4
28 24 5
28 43 5
28 10 6
28 5 6
28 11 7
28 87 9
28 88 14
28 44 14
28 47 16
28 93 18
28 9 19
28 59 21
28 46 22
28 76 22
28 16 23
28 99 24
28 13 24
28 26 24
28 40 24
28 61 24
28 69 24
28 19 25
28 31 25
28 34 25
28 29 26
28 98 28
28 20 30
28 68 30
28 70 30
28 15 34
28 86 34
28 25 35
28 73 35
28 67 37
28 3 39
28 8 41
28 97 42
28 2 43
28 49 43
28 100 43
28 33 44
28 63 49
28 35 50
28 74 50
91 101 69
91 75 48
91 95 47
91 38 47
91 85 47
91 94 46
91 22 45
91 58 45
91 65 45
91 37 44
91 48 44
91 80 43
91 51 42
91 41 40
91 57 40
91 90 39
91 7 39
91 77 39
91 81 37
91 27 36
91 64 35
91 62 34
91 56 33
91 79 33
91 66 31
91 72 31
91 102 31
91 60 30
91 12 29
91 18 28
91 1 27
91 32 24
91 50 24
91 30 23
91 42 23
91 23 21
91 4 20
91 83 20
91 92 19
91 55 17
91 52 15
91 21 13
91 14 12
91 53 12
91 71 11
91 45 9
91 54 9
91 82 9
91 84 9
91 17 6
91 36 2
91 96 1
91 28 1
91 6 0
91 89 1
91 39 2
91 78 3
91 24 4
91 43 4
91 10 5
91 5 5
91 11 6
91 87 8
91 88 13
91 44 13
91 47 15
91 93 17
91 9 18
91 59 20
91 46 21
91 76 21
91 16 22
91 99 23
91 13 23
91 26 23
91 40 23
91 61 23
91 69 23
91 19 24
91 31 24
91 34 24
91 29 25
91 98 27
91 20 29
91 68 29
91 70 29
91 15 33
91 86 33
91 25 34
91 73 34
91 67 36
91 3 38
91 8 40
91 97 41
91 2 42
91 49 42
91 100 42
91 33 43
91 63 48
91 35 49
91 74 49
6 101 69
6 75 48
6 95 47
6 38 47
6 85 47
6 94 46
6 22 45
6 58 45
6 65 45
6 37 44
6 48 44
6 80 43
6 51 42
6 41 40
6 57 40
6 90 39
6 7 39
6 77 39
6 81 37
6 27 36
6 64 35
6 62 34
6 56 33
6 79 33
6 66 31
6 72 31
6 102 31
6 60 30
6 12 29
6 18 28
6 1 27
6 32 24
6 50 24
6 30 23
6 42 23
6 23 21
6 4 20
6 83 20
6 92 19
6 55 17
6 52 15
6 21 13
6 14 12
6 53 12
6 71 11
6 45 9
6 54 9
6 82 9
6 84 9
6 17 6
6 36 2
6 96 1
6 28 1
6 91 0
6 89 1
6 39 2
6 78 3
6 24 4
6 43 4
6 10 5
6 5 5
6 11 6
6 87 8
6 88 13
6 44 13
6 47 15
6 93 17
6 9 18
6 59 20
6 46 21
6 76 21
6 16 22
6 99 23
6 13 23
6 26 23
6 40 23
6 61 23
6 69 23
6 19 24
6 31 24
6 34 24
6 29 25
6 98 27
6 20 29
6 68 29
6 70 29
6 15 33
6 86 33
6 25 34
6 73 34
6 67 36
6 3 38
6 8 40
6 97 41
6 2 42
6 49 42
6 100 42
6 33 43
6 63 48
6 35 49
6 74 49
89 101 70
89 75 49
89 95 48
89 38 48
89 85 48
89 94 47
89 22 46
89 58 46
89 65 46
89 37 45
89 48 45
89 80 44
89 51 43
89 41 41
89 57 41
89 90 40
89 7 40
89 77 40
89 81 38
89 27 37
89 64 36
89 62 35
89 56 34
89 79 34
89 66 32
89 72 32
89 102 32
89 60 31
89 12 30
89 18 29
89 1 28
89 32 25
89 50 25
89 30 24
89 42 24
89 23 22
89 4 21
89 83 21
89 92 20
89 55 18
89 52 16
89 21 14
89 14 13
89 53 13
89 71 12
89 45 10
89 54 10
89 82 10
89 84 10
89 17 7
89 36 3
89 96 2
89 28 2
89 91 1
89 6 1
89 39 1
89 78 2
89 24 3
89 43 3
89 10 4
89 5 4
89 11 5
89 87 7
89 88 12
89 44 12
89 47 14
89 93 16
89 9 17
89 59 19
89 46 20
89 76 20
89 16 21
89 99 22
89 13 22
89 26 22
89 40 22
89 61 22
89 69 22
89 19 23
89 31 23
89 34 23
89 29 24
89 98 26
89 20 28
89 68 28
89 70 28
89 15 32
89 86 32
89 25 33
89 73 33
89 67 35
89 3 37
89 8 39
89 97 40
89 2 41
89 49 41
89 100 41
89 33 42
89 63 47
89 35 48
89 74 48
39 101 71
39 75 50
39 95 49
39 38 49
39 85 49
39 94 48
39 22 47
39 58 47
39 65 47
39 37 46
39 48 46
39 80 45
39 51 44
39 41 42
39 57 42
39 90 41
39 7 41
39 77 41
39 81 39
39 27 38
39 64 37
39 62 36
39 56 35
39 79 35
39 66 33
39 72 33
39 102 33
39 60 32
39 12 31
39 18 30
39 1 29
39 32 26
39 50 26
39 30 25
39 42 25
39 23 23
39 4 22
39 83 22
39 92 21
39 55 19
39 52 17
39 21 15
39 14 14
39 53 14
39 71 13
39 45 11
39 54 11
39 82 11
39 84 11
39 17 8
39 36 4
39 96 3
39 28 3
39 91 2
39 6 2
39 89 1
39 78 1
39 24 2
39 43 2
39 10 3
39 5 3
39 11 4
39 87 6
39 88 11
39 44 11
39 47 13
39 93 15
39 9 16
39 59 18
39 46 19
39 76 19
39 16 20
39 99 21
39 13 21
39 26 21
39 40 21
39 61 21
39 69 21
39 19 22
39 31 22
39 34 22
39 29 23
39 98 25
39 20 27
39 68 27
39 70 27
39 15 31
39 86 31
39 25 32
39 73 32
39 67 34
39 3 36
39 8 38
39 97 39
39 2 40
39 49 40
39 100 40
39 33 41
39 63 46
39 35 47
39 74 47
78 101 72
78 75 51
78 95 50
78 38 50
78 85 50
78 94 49
78 22 48
78 58 48
78 65 48
78 37 47
78 48 47
78 80 46
78 51 45
78 41 43
78 57 43
78 90 42
78 7 42
78 77 42
78 81 40
78 27 39
78 64 38
78 62 37
78 56 36
78 79 36
78 66 34
78 72 34
78 102 34
78 60 33
78 12 32
78 18 31
78 1 30
78 32 27
78 50 27
78 30 26
78 42 26
78 23 24
78 4 23
78 83 23
78 92 22
78 55 20
78 52 18
78 21 16
78 14 15
78 53 15
78 71 14
78 45 12
78 54 12
78 82 12
78 84 12
78 17 9
78 36 5
78 96 4
78 28 4
78 91 3
78 6 3
78 89 2
78 39 1
78 24 1
78 43 1
78 10 2
78 5 2
78 11 3
78 87 5
78 88 10
78 44 10
78 47 12
78 93 14
78 9 15
78 59 17
78 46 18
78 76 18
78 16 19
78 99 20
78 13 20
78 26 20
78 40 20
78 61 20
78 69 20
78 19 21
78 31 21
78 34 21
78 29 22
78 98 24
78 20 26
78 68 26
78 70 26
78 15 30
78 86 30
78 25 31
78 73 31
78 67 33
78 3 35
78 8 37
78 97 38
78 2 39
78 49 39
78 100 39
78 33 40
78 63 45
78 35 46
78 74 46
24 101 73
24 75 52
24 95 51
24 38 51
24 85 51
24 94 50
24 22 49
24 58 49
24 65 49
24 37 48
24 48 48
24 80 47
24 51 46
24 41 44
24 57 44
24 90 43
24 7 43
24 77 43
24 81 41
24 27 40
24 64 39
24 62 38
24 56 37
24 79 37
24 66 35
24 72 35
24 102 35
24 60 34
24 12 33
24 18 32
24 1 31
24 32 28
24 50 28
24 30 27
24 42 27
24 23 25
24 4 24
24 83 24
24 92 23
24 55 21
24 52 19
24 21 17
24 14 16
24 53 16
24 71 15
24 45 13
24 54 13
24 82 13
24 84 13
24 17 10
24 36 6
24 96 5
24 28 5
24 91 4
24 6 4
24 89 3
24 39 2
24 78 1
24 43 0
24 10 1
24 5 1
24 11 2
24 87 4
24 88 9
24 44 9
24 47 11
24 93 13
24 9 14
24 59 16
24 46 17
24 76 17
24 16 18
24 99 19
24 13 19
24 26 19
24 40 19
24 61 19
24 69 19
24 19 20
24 31 20
24 34 20
24 29 21
24 98 23
24 20 25
24 68 25
24 70 25
24 15 29
24 86 29
24 25 30
24 73 30
24 67 32
24 3 34
24 8 36
24 97 37
24 2 38
24 49 38
24 100 38
24 33 39
24 63 44
24 35 45
24 74 45
43 101 73
43 75 52
43 95 51
43 38 51
43 85 51
43 94 50
43 22 49
43 58 49
43 65 49
43 37 48
43 48 48
43 80 47
43 51 46
43 41 44
43 57 44
43 90 43
43 7 43
43 77 43
43 81 41
43 27 40
43 64 39
43 62 38
43 56 37
43 79 37
43 66 35
43 72 35
43 102 35
43 60 34
43 12 33
43 18 32
43 1 31
43 32 28
43 50 28
43 30 27
43 42 27
43 23 25
43 4 24
43 83 24
43 92 23
43 55 21
43 52 19
43 21 17
43 14 16
43 53 16
43 71 15
43 45 13
43 54 13
43 82 13
43 84 13
43 17 10
43 36 6
43 96 5
43 28 5
43 91 4
43 6 4
43 89 3
43 39 2
43 78 1
43 24 0
43 10 1
43 5 1
43 11 2
43 87 4
43 88 9
43 44 9
43 47 11
43 93 13
43 9 14
43 59 16
43 46 17
43 76 17
43 16 18
43 99 19
43 13 19
43 26 19
43 40 19
43 61 19
43 69 19
43 19 20
43 31 20
43 34 20
43 29 21
43 98 23
43 20 25
43 68 25
43 70 25
43 15 29
43 86 29
43 25 30
43 73 30
43 67 32
43 3 34
43 8 36
43 97 37
43 2 38
43 49 38
43 100 38
43 33 39
43 63 44
43 35 45
43 74 45
10 101 74
10 75 53
10 95 52
10 38 52
10 85 52
10 94 51
10 22 50
10 58 50
10 65 50
10 37 49
10 48 49
10 80 48
10 51 47
10 41 45
10 57 45
10 90 44
10 7 44
10 77 44
10 81 42
10 27 41
10 64 40
10 62 39
10 56 38
10 79 38
10 66 36
10 72 36
10 102 36
10 60 35
10 12 34
10 18 33
10 1 32
10 32 29
10 50 29
10 30 28
10 42 28
10 23 26
10 4 25
10 83 25
10 92 24
10 55 22
10 52 20
10 21 18
10 14 17
10 53 17
10 71 16
10 45 14
10 54 14
10 82 14
10 84 14
10 17 11
10 36 7
10 96 6
10 28 6
10 91 5
10 6 5
10 89 4
10 39 3
10 78 2
10 24 1
10 43 1
10 5 0
10 11 1
10 87 3
10 88 8
10 44 8
10 47 10
10 93 12
10 9 13
10 59 15
10 46 16
10 76 16
10 16 17
10 99 18
10 13 18
10 26 18
10 40 18
10 61 18
10 69 18
10 19 19
10 31 19
10 34 19
10 29 20
10 98 22
10 20 24
10 68 24
10 70 24
10 15 28
10 86 28
10 25 29
10 73 29
10 67 31
10 3 33
10 8 35
10 97 36
10 2 37
10 49 37
10 100 37
10 33 38
10 63 43
10 35 44
10 74 44
5 101 74
5 75 53
5 95 52
5 38 52
5 85 52
5 94 51
5 22 50
5 58 50
5 65 50
5 37 49
5 48 49
5 80 48
5 51 47
5 41 45
5 57 45
5 90 44
5 7 44
5 77 44
5 81 42
5 27 41
5 64 40
5 62 39
5 56 38
5 79 38
5 66 36
5 72 36
5 102 36
5 60 35
5 12 34
5 18 33
5 1 32
5 32 29
5 50 29
5 30 28
5 42 28
5 23 26
5 4 25
5 83 25
5 92 24
5 55 22
5 52 20
5 21 18
5 14 17
5 53 17
5 71 16
5 45 14
5 54 14
5 82 14
5 84 14
5 17 11
5 36 7
5 96 6
5 28 6
5 91 5
5 6 5
5 89 4
5 39 3
5 78 2
5 24 1
5 43 1
5 10 0
5 11 1
5 87 3
5 88 8
5 44 8
5 47 10
5 93 12
5 9 13
5 59 15
5 46 16
5 76 16
5 16 17
5 99 18
5 13 18
5 26 18
5 40 18
5 61 18
5 69 18
5 19 19
5 31 19
5 34 19
5 29 20
5 98 22
5 20 24
5 68 24
5 70 24
5 15 28
5 86 28
5 25 29
5 73 29
5 67 31
5 3 33
5 8 35
5 97 36
5 2 37
5 49 37
5 100 37
5 33 38
5 63 43
5 35 44
5 74 44
11 101 75
11 75 54
11 95 53
11 38 53
11 85 53
11 94 52
11 22 51
11 58 51
11 65 51
11 37 50
11 48 50
11 80 49
11 51 48
11 41 46
11 57 46
11 90 45
11 7 45
11 77 45
11 81 43
11 27 42
11 64 41
11 62 40
11 56 39
11 79 39
11 66 37
11 72 37
11 102 37
11 60 36
11 12 35
11 18 34
11 1 33
11 32 30
11 50 30
11 30 29
11 42 29
11 23 27
11 4 26
11 83 26
11 92 25
11 55 23
11 52 21
11 21 19
11 14 18
11 53 18
11 71 17
11 45 15
11 54 15
11 82 15
11 84 15
11 17 12
11 36 8
11 96 7
11 28 7
11 91 6
11 6 6
11 89 5
11 39 4
11 78 3
11 24 2
11 43 2
11 10 1
11 5 1
11 87 2
11 88 7
11 44 7
11 47 9
11 93 11
11 9 12
11 59 14
11 46 15
11 76 15
11 16 16
11 99 17
11 13 17
11 26 17
11 40 17
11 61 17
11 69 17
11 19 18
11 31 18
11 34 18
11 29 19
11 98 21
11 20 23
11 68 23
11 70 23
11 15 27
11 86 27
11 25 28
11 73 28
11 67 30
11 3 32
11 8 34
11 97 35
11 2 36
11 49 36
11 100 36
11 33 37
11 63 42
11 35 43
11 74 43
87 101 77
87 75 56
87 95 55
87 38 55
87 85 55
87 94 54
87 22 53
87 58 53
87 65 53
87 37 52
87 48 52
87 80 51
87 51 50
87 41 48
87 57 48
87 90 47
87 7 47
87 77 47
87 81 45
87 27 44
87 64 43
87 62 42
87 56 41
87 79 41
87 66 39
87 72 39
87 102 39
87 60 38
87 12 37
87 18 36
87 1 35
87 32 32
87 50 32
87 30 31
87 42 31
87 23 29
87 4 28
87 83 28
87 92 27
87 55 25
87 52 23
87 21 21
87 14 20
87 53 20
87 71 19
87 45 17
87 54 17
87 82 17
87 84 17
87 17 14
87 36 10
87 96 9
87 28 9
87 91 8
87 6 8
87 89 7
87 39 6
87 78 5
87 24 4
87 43 4
87 10 3
87 5 3
87 11 2
87 88 5
87 44 5
87 47 7
87 93 9
87 9 10
87 59 12
87 46 13
87 76 13
87 16 14
87 99 15
87 13 15
87 26 15
87 40 15
87 61 15
87 69 15
87 19 16
87 31 16
87 34 16
87 29 17
87 98 19
87 20 21
87 68 21
87 70 21
87 15 25
87 86 25
87 25 26
87 73 26
87 67 28
87 3 30
87 8 32
87 97 33
87 2 34
87 49 34
87 100 34
87 33 35
87 63 40
87 35 41
87 74 41
88 101 82
88 75 61
88 95 60
88 38 60
88 85 60
88 94 59
88 22 58
88 58 58
88 65 58
88 37 57
88 48 57
88 80 56
88 51 55
88 41 53
88 57 53
88 90 52
88 7 52
88 77 52
88 81 50
88 27 49
88 64 48
88 62 47
88 56 46
88 79 46
88 66 44
88 72 44
88 102 44
88 60 43
88 12 42
88 18 41
88 1 40
88 32 37
88 50 37
88 30 36
88 42 36
88 23 34
88 4 33
88 83 33
88 92 32
88 55 30
88 52 28
88 21 26
88 14 25
88 53 25
88 71 24
88 45 22
88 54 22
88 82 22
88 84 22
88 17 19
88 36 15
88 96 14
88 28 14
88 91 13
88 6 13
88 89 12
88 39 11
88 78 10
88 24 9
88 43 9
88 10 8
88 5 8
88 11 7
88 87 5
88 44 0
88 47 2
88 93 4
88 9 5
88 59 7
88 46 8
88 76 8
88 16 9
88 99 10
88 13 10
88 26 10
88 40 10
88 61 10
88 69 10
88 19 11
88 31 11
88 34 11
88 29 12
88 98 14
88 20 16
88 68 16
88 70 16
88 15 20
88 86 20
88 25 21
88 73 21
88 67 23
88 3 25
88 8 27
88 97 28
88 2 29
88 49 29
88 100 29
88 33 30
88 63 35
88 35 36
88 74 36
44 101 82
44 75 61
44 95 60
44 38 60
44 85 60
44 94 59
44 22 58
44 58 58
44 65 58
44 37 57
44 48 57
44 80 56
44 51 55
44 41 53
44 57 53
44 90 52
44 7 52
44 77 52
44 81 50
44 27 49
44 64 48
44 62 47
44 56 46
44 79 46
44 66 44
44 72 44
44 102 44
44 60 43
44 12 42
44 18 41
44 1 40
44 32 37
44 50 37
44 30 36
44 42 36
44 23 34
44 4 33
44 83 33
44 92 32
44 55 30
44 52 28
44 21 26
44 14 25
44 53 25
44 71 24
44 45 22
44 54 22
44 82 22
44 84 22
44 17 19
44 36 15
44 96 14
44 28 14
44 91 13
44 6 13
44 89 12
44 39 11
44 78 10
44 24 9
44 43 9
44 10 8
44 5 8
44 11 7
44 87 5
44 88 0
44 47 2
44 93 4
44 9 5
44 59 7
44 46 8
44 76 8
44 16 9
44 99 10
44 13 10
44 26 10
44 40 10
44 61 10
44 69 10
44 19 11
44 31 11
44 34 11
44 29 12
44 98 14
44 20 16
44 68 16
44 70 16
44 15 20
44 86 20
44 25 21
44 73 21
44 67 23
44 3 25
44 8 27
44 97 28
44 2 29
44 49 29
44 100 29
44 33 30
44 63 35
44 35 36
44 74 36
47 101 84
47 75 63
47 95 62
47 38 62
47 85 62
47 94 61
47 22 60
47 58 60
47 65 60
47 37 59
47 48 59
47 80 58
47 51 57
47 41 55
47 57 55
47 90 54
47 7 54
47 77 54
47 81 52
47 27 51
47 64 50
47 62 49
47 56 48
47 79 48
47 66 46
47 72 46
47 102 46
47 60 45
47 12 44
47 18 43
47 1 42
47 32 39
47 50 39
47 30 38
47 42 38
47 23 36
47 4 35
47 83 35
47 92 34
47 55 32
47 52 30
47 21 28
47 14 27
47 53 27
47 71 26
47 45 24
47 54 24
47 82 24
47 84 24
47 17 21
47 36 17
47 96 16
47 28 16
47 91 15
47 6 15
47 89 14
47 39 13
47 78 12
47 24 11
47 43 11
47 10 10
47 5 10
47 11 9
47 87 7
47 88 2
47 44 2
47 93 2
47 9 3
47 59 5
47 46 6
47 76 6
47 16 7
47 99 8
47 13 8
47 26 8
47 40 8
47 61 8
47 69 8
47 19 9
47 31 9
47 34 9
47 29 10
47 98 12
47 20 14
47 68 14
47 70 14
47 15 18
47 86 18
47 25 19
47 73 19
47 67 21
47 3 23
47 8 25
47 97 26
47 2 27
47 49 27
47 100 27
47 33 28
47 63 33
47 35 34
47 74 34
93 101 86
93 75 65
93 95 64
93 38 64
93 85 64
93 94 63
93 22 62
93 58 62
93 65 62
93 37 61
93 48 61
93 80 60
93 51 59
93 41 57
93 57 57
93 90 56
93 7 56
93 77 56
93 81 54
93 27 53
93 64 52
93 62 51
93 56 50
93 79 50
93 66 48
93 72 48
93 102 48
93 60 47
93 12 46
93 18 45
93 1 44
93 32 41
93 50 41
93 30 40
93 42 40
93 23 38
93 4 37
93 83 37
93 92 36
93 55 34
93 52 32
93 21 30
93 14 29
93 53 29
93 71 28
93 45 26
93 54 26
93 82 26
93 84 26
93 17 23
93 36 19
93 96 18
93 28 18
93 91 17
93 6 17
93 89 16
93 39 15
93 78 14
93 24 13
93 43 13
93 10 12
93 5 12
93 11 11
93 87 9
93 88 4
93 44 4
93 47 2
93 9 1
93 59 3
93 46 4
93 76 4
93 16 5
93 99 6
93 13 6
93 26 6
93 40 6
93 61 6
93 69 6
93 19 7
93 31 7
93 34 7
93 29 8
93 98 10
93 20 12
93 68 12
93 70 12
93 15 16
93 86 16
93 25 17
93 73 17
93 67 19
93 3 21
93 8 23
93 97 24
93 2 25
93 49 25
93 100 25
93 33 26
93 63 31
93 35 32
93 74 32
9 101 87
9 75 66
9 95 65
9 38 65
9 85 65
9 94 64
9 22 63
9 58 63
9 65 63
9 37 62
9 48 62
9 80 61
9 51 60
9 41 58
9 57 58
9 90 57
9 7 57
9 77 57
9 81 55
9 27 54
9 64 53
9 62 52
9 56 51
9 79 51
9 66 49
9 72 49
9 102 49
9 60 48
9 12 47
9 18 46
9 1 45
9 32 42
9 50 42
9 30 41
9 42 41
9 23 39
9 4 38
9 83 38
9 92 37
9 55 35
9 52 33
9 21 31
9 14 30
9 53 30
9 71 29
9 45 27
9 54 27
9 82 27
9 84 27
9 17 24
9 36 20
9 96 19
9 28 19
9 91 18
9 6 18
9 89 17
9 39 16
9 78 15
9 24 14
9 43 14
9 10 13
9 5 13
9 11 12
9 87 10
9 88 5
9 44 5
9 47 3
9 93 1
9 59 2
9 46 3
9 76 3
9 16 4
9 99 5
9 13 5
9 26 5
9 40 5
9 61 5
9 69 5
9 19 6
9 31 6
9 34 6
9 29 7
9 98 9
9 20 11
9 68 11
9 70 11
9 15 15
9 86 15
9 25 16
9 73 16
9 67 18
9 3 20
9 8 22
9 97 23
9 2 24
9 49 24
9 100 24
9 33 25
9 63 30
9 35 31
9 74 31
59 101 89
59 75 68
59 95 67
59 38 67
59 85 67
59 94 66
59 22 65
59 58 65
59 65 65
59 37 64
59 48 64
59 80 63
59 51 62
59 41 60
59 57 60
59 90 59
59 7 59
59 77 59
59 81 57
59 27 56
59 64 55
59 62 54
59 56 53
59 79 53
59 66 51
59 72 51
59 102 51
59 60 50
59 12 49
59 18 48
59 1 47
59 32 44
59 50 44
59 30 43
59 42 43
59 23 41
59 4 40
59 83 40
59 92 39
59 55 37
59 52 35
59 21 33
59 14 32
59 53 32
59 71 31
59 45 29
59 54 29
59 82 29
59 84 29
59 17 26
59 36 22
59 96 21
59 28 21
59 91 20
59 6 20
59 89 19
59 39 18
59 78 17
59 24 16
59 43 16
59 10 15
59 5 15
59 11 14
59 87 12
59 88 7
59 44 7
59 47 5
59 93 3
59 9 2
59 46 1
59 76 1
59 16 2
59 99 3
59 13 3
59 26 3
59 40 3
59 61 3
59 69 3
59 19 4
59 31 4
59 34 4
59 29 5
59 98 7
59 20 9
59 68 9
59 70 9
59 15 13
59 86 13
59 25 14
59 73 14
59 67 16
59 3 18
59 8 20
59 97 21
59 2 22
59 49 22
59 100 22
59 33 23
59 63 28
59 35 29
59 74 29
46 101 90
46 75 69
46 95 68
46 38 68
46 85 68
46 94 67
46 22 66
46 58 66
46 65 66
46 37 65
46 48 65
46 80 64
46 51 63
46 41 61
46 57 61
46 90 60
46 7 60
46 77 60
46 81 58
46 27 57
46 64 56
46 62 55
46 56 54
46 79 54
46 66 52
46 72 52
46 102 52
46 60 51
46 12 50
46 18 49
46 1 48
46 32 45
46 50 45
46 30 44
46 42 44
46 23 42
46 4 41
46 83 41
46 92 40
46 55 38
46 52 36
46 21 34
46 14 33
46 53 33
46 71 32
46 45 30
46 54 30
46 82 30
46 84 30
46 17 27
46 36 23
46 96 22
46 28 22
46 91 21
46 6 21
46 89 20
46 39 19
46 78 18
46 24 17
46 43 17
46 10 16
46 5 16
46 11 15
46 87 13
46 88 8
46 44 8
46 47 6
46 93 4
46 9 3
46 59 1
46 76 0
46 16 1
46 99 2
46 13 2
46 26 2
46 40 2
46 61 2
46 69 2
46 19 3
46 31 3
46 34 3
46 29 4
46 98 6
46 20 8
46 68 8
46 70 8
46 15 12
46 86 12
46 25 13
46 73 13
46 67 15
46 3 17
46 8 19
46 97 20
46 2 21
46 49 21
46 100 21
46 33 22
46 63 27
46 35 28
46 74 28
76 101 90
76 75 69
76 95 68
76 38 68
76 85 68
76 94 67
76 22 66
76 58 66
76 65 66
76 37 65
76 48 65
76 80 64
76 51 63
76 41 61
76 57 61
76 90 60
76 7 60
76 77 60
76 81 58
76 27 57
76 64 56
76 62 55
76 56 54
76 79 54
76 66 52
76 72 52
76 102 52
76 60 51
76 12 50
76 18 49
76 1 48
76 32 45
76 50 45
76 30 44
76 42 44
76 23 42
76 4 41
76 83 41
76 92 40
76 55 38
76 52 36
76 21 34
76 14 33
76 53 33
76 71 32
76 45 30
76 54 30
76 82 30
76 84 30
76 17 27
76 36 23
76 96 22
76 28 22
76 91 21
76 6 21
76 89 20
76 39 19
76 78 18
76 24 17
76 43 17
76 10 16
76 5 16
76 11 15
76 87 13
76 88 8
76 44 8
76 47 6
76 93 4
76 9 3
76 59 1
76 46 0
76 16 1
76 99 2
76 13 2
76 26 2
76 40 2
76 61 2
76 69 2
76 19 3
76 31 3
76 34 3
76 29 4
76 98 6
76 20 8
76 68 8
76 70 8
76 15 12
76 86 12
76 25 13
76 73 13
76 67 15
76 3 17
76 8 19
76 97 20
76 2 21
76 49 21
76 100 21
76 33 22
76 63 27
76 35 28
76 74 28
16 101 91
16 75 70
16 95 69
16 38 69
16 85 69
16 94 68
16 22 67
16 58 67
16 65 67
16 37 66
16 48 66
16 80 65
16 51 64
16 41 62
16 57 62
16 90 61
16 7 61
16 77 61
16 81 59
16 27 58
16 64 57
16 62 56
16 56 55
16 79 55
16 66 53
16 72 53
16 102 53
16 60 52
16 12 51
16 18 50
16 1 49
16 32 46
16 50 46
16 30 45
16 42 45
16 23 43
16 4 42
16 83 42
16 92 41
16 55 39
16 52 37
16 21 35
16 14 34
16 53 34
16 71 33
16 45 31
16 54 31
16 82 31
16 84 31
16 17 28
16 36 24
16 96 23
16 28 23
16 91 22
16 6 22
16 89 21
16 39 20
16 78 19
16 24 18
16 43 18
16 10 17
16 5 17
16 11 16
16 87 14
16 88 9
16 44 9
16 47 7
16 93 5
16 9 4
16 59 2
16 46 1
16 76 1
16 99 1
16 13 1
16 26 1
16 40 1
16 61 1
16 69 1
16 19 2
16 31 2
16 34 2
16 29 3
16 98 5
16 20 7
16 68 7
16 70 7
16 15 11
16 86 11
16 25 12
16 73 12
16 67 14
16 3 16
16 8 18
16 97 19
16 2 20
16 49 20
16 100 20
16 33 21
16 63 26
16 35 27
16 74 27
99 101 92
99 75 71
99 95 70
99 38 70
99 85 70
99 94 69
99 22 68
99 58 68
99 65 68
99 37 67
99 48 67
99 80 66
99 51 65
99 41 63
99 57 63
99 90 62
99 7 62
99 77 62
99 81 60
99 27 59
99 64 58
99 62 57
99 56 56
99 79 56
99 66 54
99 72 54
99 102 54
99 60 53
99 12 52
99 18 51
99 1 50
99 32 47
99 50 47
99 30 46
99 42 46
99 23 44
99 4 43
99 83 43
99 92 42
99 55 40
99 52 38
99 21 36
99 14 35
99 53 35
99 71 34
99 45 32
99 54 32
99 82 32
99 84 32
99 17 29
99 36 25
99 96 24
99 28 24
99 91 23
99 6 23
99 89 22
99 39 21
99 78 20
99 24 19
99 43 19
99 10 18
99 5 18
99 11 17
99 87 15
99 88 10
99 44 10
99 47 8
99 93 6
99 9 5
99 59 3
99 46 2
99 76 2
99 16 1
99 13 0
99 26 0
99 40 0
99 61 0
99 69 0
99 19 1
99 31 1
99 34 1
99 29 2
99 98 4
99 20 6
99 68 6
99 70 6
99 15 10
99 86 10
99 25 11
99 73 11
99 67 13
99 3 15
99 8 17
99 97 18
99 2 19
99 49 19
99 100 19
99 33 20
99 63 25
99 35 26
99 74 26
13 101 92
13 75 71
13 95 70
13 38 70
13 85 70
13 94 69
13 22 68
13 58 68
13 65 68
13 37 67
13 48 67
13 80 66
13 51 65
13 41 63
13 57 63
13 90 62
13 7 62
13 77 62
13 81 60
13 27 59
13 64 58
13 62 57
13 56 56
13 79 56
13 66 54
13 72 54
13 102 54
13 60 53
13 12 52
13 18 51
13 1 50
13 32 47
13 50 47
13 30 46
13 42 46
13 23 44
13 4 43
13 83 43
13 92 42
13 55 40
13 52 38
13 21 36
13 14 35
13 53 35
13 71 34
13 45 32
13 54 32
13 82 32
13 84 32
13 17 29
13 36 25
13 96 24
13 28 24
13 91 23
13 6 23
13 89 22
13 39 21
13 78 20
13 24 19
13 43 19
13 10 18
13 5 18
13 11 17
13 87 15
13 88 10
13 44 10
13 47 8
13 93 6
13 9 5
13 59 3
13 46 2
13 76 2
13 16 1
13 99 0
13 26 0
13 40 0
13 61 0
13 69 0
13 19 1
13 31 1
13 34 1
13 29 2
13 98 4
13 20 6
13 68 6
13 70 6
13 15 10
13 86 10
13 25 11
13 73 11
13 67 13
13 3 15
13 8 17
13 97 18
13 2 19
13 49 19
13 100 19
13 33 20
13 63 25
13 35 26
13 74 26
26 101 92
26 75 71
26 95 70
26 38 70
26 85 70
26 94 69
26 22 68
26 58 68
26 65 68
26 37 67
26 48 67
26 80 66
26 51 65
26 41 63
26 57 63
26 90 62
26 7 62
26 77 62
26 81 60
26 27 59
26 64 58
26 62 57
26 56 56
26 79 56
26 66 54
26 72 54
26 102 54
26 60 53
26 12 52
26 18 51
26 1 50
26 32 47
26 50 47
26 30 46
26 42 46
26 23 44
26 4 43
26 83 43
26 92 42
26 55 40
26 52 38
26 21 36
26 14 35
26 53 35
26 71 34
26 45 32
26 54 32
26 82 32
26 84 32
26 17 29
26 36 25
26 96 24
26 28 24
26 91 23
26 6 23
26 89 22
26 39 21
26 78 20
26 24 19
26 43 19
26 10 18
26 5 18
26 11 17
26 87 15
26 88 10
26 44 10
26 47 8
26 93 6
26 9 5
26 59 3
26 46 2
26 76 2
26 16 1
26 99 0
26 13 0
26 40 0
26 61 0
26 69 0
26 19 1
26 31 1
26 34 1
26 29 2
26 98 4
26 20 6
26 68 6
26 70 6
26 15 10
26 86 10
26 25 11
26 73 11
26 67 13
26 3 15
26 8 17
26 97 18
26 2 19
26 49 19
26 100 19
26 33 20
26 63 25
26 35 26
26 74 26
40 101 92
40 75 71
40 95 70
40 38 70
40 85 70
40 94 69
40 22 68
40 58 68
40 65 68
40 37 67
40 48 67
40 80 66
40 51 65
40 41 63
40 57 63
40 90 62
40 7 62
40 77 62
40 81 60
40 27 59
40 64 58
40 62 57
40 56 56
40 79 56
40 66 54
40 72 54
40 102 54
40 60 53
40 12 52
40 18 51
40 1 50
40 32 47
40 50 47
40 30 46
40 42 46
40 23 44
40 4 43
40 83 43
40 92 42
40 55 40
40 52 38
40 21 36
40 14 35
40 53 35
40 71 34
40 45 32
40 54 32
40 82 32
40 84 32
40 17 29
40 36 25
40 96 24
40 28 24
40 91 23
40 6 23
40 89 22
40 39 21
40 78 20
40 24 19
40 43 19
40 10 18
40 5 18
40 11 17
40 87 15
40 88 10
40 44 10
40 47 8
40 93 6
40 9 5
40 59 3
40 46 2
40 76 2
40 16 1
40 99 0
40 13 0
40 26 0
40 61 0
40 69 0
40 19 1
40 31 1
40 34 1
40 29 2
40 98 4
40 20 6
40 68 6
40 70 6
40 15 10
40 86 10
40 25 11
40 73 11
40 67 13
40 3 15
40 8 17
40 97 18
40 2 19
40 49 19
40 100 19
40 33 20
40 63 25
40 35 26
40 74 26
61 101 92
61 75 71
61 95 70
61 38 70
61 85 70
61 94 69
61 22 68
61 58 68
61 65 68
61 37 67
61 48 67
61 80 66
61 51 65
61 41 63
61 57 63
61 90 62
61 7 62
61 77 62
61 81 60
61 27 59
61 64 58
61 62 57
61 56 56
61 79 56
61 66 54
61 72 54
61 102 54
61 60 53
61 12 52
61 18 51
61 1 50
61 32 47
61 50 47
61 30 46
61 42 46
61 23 44
61 4 43
61 83 43
61 92 42
61 55 40
61 52 38
61 21 36
61 14 35
61 53 35
61 71 34
61 45 32
61 54 32
61 82 32
61 84 32
61 17 29
61 36 25
61 96 24
61 28 24
61 91 23
61 6 23
61 89 22
61 39 21
61 78 20
61 24 19
61 43 19
61 10 18
61 5 18
61 11 17
61 87 15
61 88 10
61 44 10
61 47 8
61 93 6
61 9 5
61 59 3
61 46 2
61 76 2
61 16 1
61 99 0
61 13 0
61 26 0
61 40 0
61 69 0
61 19 1
61 31 1
61 34 1
61 29 2
61 98 4
61 20 6
61 68 6
61 70 6
61 15 10
61 86 10
61 25 11
61 73 11
61 67 13
61 3 15
61 8 17
61 97 18
61 2 19
61 49 19
61 100 19
61 33 20
61 63 25
61 35 26
61 74 26
69 101 92
69 75 71
69 95 70
69 38 70
69 85 70
69 94 69
69 22 68
69 58 68
69 65 68
69 37 67
69 48 67
69 80 66
69 51 65
69 41 63
69 57 63
69 90 62
69 7 62
69 77 62
69 81 60
69 27 59
69 64 58
69 62 57
69 56 56
69 79 56
69 66 54
69 72 54
69 102 54
69 60 53
69 12 52
69 18 51
69 1 50
69 32 47
69 50 47
69 30 46
69 42 46
69 23 44
69 4 43
69 83 43
69 92 42
69 55 40
69 52 38
69 21 36
69 14 35
69 53 35
69 71 34
69 45 32
69 54 32
69 82 32
69 84 32
69 17 29
69 36 25
69 96 24
69 28 24
69 91 23
69 6 23
69 89 22
69 39 21
69 78 20
69 24 19
69 43 19
69 10 18
69 5 18
69 11 17
69 87 15
69 88 10
69 44 10
69 47 8
69 93 6
69 9 5
69 59 3
69 46 2
69 76 2
69 16 1
69 99 0
69 13 0
69 26 0
69 40 0
69 61 0
69 19 1
69 31 1
69 34 1
69 29 2
69 98 4
69 20 6
69 68 6
69 70 6
69 15 10
69 86 10
69 25 11
69 73 11
69 67 13
69 3 15
69 8 17
69 97 18
69 2 19
69 49 19
69 100 19
69 33 20
69 63 25
69 35 26
69 74 26
19 101 93
19 75 72
19 95 71
19 38 71
19 85 71
19 94 70
19 22 69
19 58 69
19 65 69
19 37 68
19 48 68
19 80 67
19 51 66
19 41 64
19 57 64
19 90 63
19 7 63
19 77 63
19 81 61
19 27 60
19 64 59
19 62 58
19 56 57
19 79 57
19 66 55
19 72 55
19 102 55
19 60 54
19 12 53
19 18 52
19 1 51
19 32 48
19 50 48
19 30 47
19 42 47
19 23 45
19 4 44
19 83 44
19 92 43
19 55 41
19 52 39
19 21 37
19 14 36
19 53 36
19 71 35
19 45 33
19 54 33
19 82 33
19 84 33
19 17 30
19 36 26
19 96 25
19 28 25
19 91 24
19 6 24
19 89 23
19 39 22
19 78 21
19 24 20
19 43 20
19 10 19
19 5 19
19 11 18
19 87 16
19 88 11
19 44 11
19 47 9
19 93 7
19 9 6
19 59 4
19 46 3
19 76 3
19 16 2
19 99 1
19 13 1
19 26 1
19 40 1
19 61 1
19 69 1
19 31 0
19 34 0
19 29 1
19 98 3
19 20 5
19 68 5
19 70 5
19 15 9
19 86 9
19 25 10
19 73 10
19 67 12
19 3 14
19 8 16
19 97 17
19 2 18
19 49 18
19 100 18
19 33 19
19 63 24
19 35 25
19 74 25
31 101 93
31 75 72
31 95 71
31 38 71
31 85 71
31 94 70
31 22 69
31 58 69
31 65 69
31 37 68
31 48 68
31 80 67
31 51 66
31 41 64
31 57 64
31 90 63
31 7 63
31 77 63
31 81 61
31 27 60
31 64 59
31 62 58
31 56 57
31 79 57
31 66 55
31 72 55
31 102 55
31 60 54
31 12 53
31 18 52
31 1 51
31 32 48
31 50 48
31 30 47
31 42 47
31 23 45
31 4 44
31 83 44
31 92 43
31 55 41
31 52 39
31 21 37
31 14 36
31 53 36
31 71 35
31 45 33
31 54 33
31 82 33
31 84 33
31 17 30
31 36 26
31 96 25
31 28 25
31 91 24
31 6 24
31 89 23
31 39 22
31 78 21
31 24 20
31 43 20
31 10 19
31 5 19
31 11 18
31 87 16
31 88 11
31 44 11
31 47 9
31 93 7
31 9 6
31 59 4
31 46 3
31 76 3
31 16 2
31 99 1
31 13 1
31 26 1
31 40 1
31 61 1
31 69 1
31 19 0
31 34 0
31 29 1
31 98 3
31 20 5
31 68 5
31 70 5
31 15 9
31 86 9
31 25 10
31 73 10
31 67 12
31 3 14
31 8 16
31 97 17
31 2 18
31 49 18
31 100 18
31 33 19
31 63 24
31 35 25
31 74 25
34 101 93
34 75 72
34 95 71
34 38 71
34 85 71
34 94 70
34 22 69
34 58 69
34 65 69
34 37 68
34 48 68
34 80 67
34 51 66
34 41 64
34 57 64
34 90 63
34 7 63
34 77 63
34 81 61
34 27 60
34 64 59
34 62 58
34 56 57
34 79 57
34 66 55
34 72 55
34 102 55
34 60 54
34 12 53
34 18 52
34 1 51
34 32 48
34 50 48
34 30 47
34 42 47
34 23 45
34 4 44
34 83 44
34 92 43
34 55 41
34 52 39
34 21 37
34 14 36
34 53 36
34 71 35
34 45 33
34 54 33
34 82 33
34 84 33
34 17 30
34 36 26
34 96 25
34 28 25
34 91 24
34 6 24
34 89 23
34 39 22
34 78 21
34 24 20
34 43 20
34 10 19
34 5 19
34 11 18
34 87 16
34 88 11
34 44 11
34 47 9
34 93 7
34 9 6
34 59 4
34 46 3
34 76 3
34 16 2
34 99 1
34 13 1
34 26 1
34 40 1
34 61 1
34 69 1
34 19 0
34 31 0
34 29 1
34 98 3
34 20 5
34 68 5
34 70 5
34 15 9
34 86 9
34 25 10
34 73 10
34 67 12
34 3 14
34 8 16
34 97 17
34 2 18
34 49 18
34 100 18
34 33 19
34 63 24
34 35 25
34 74 25
29 101 94
29 75 73
29 95 72
29 38 72
29 85 72
29 94 71
29 22 70
29 58 70
29 65 70
29 37 69
29 48 69
29 80 68
29 51 67
29 41 65
29 57 65
29 90 64
29 7 64
29 77 64
29 81 62
29 27 61
29 64 60
29 62 59
29 56 58
29 79 58
29 66 56
29 72 56
29 102 56
29 60 55
29 12 54
29 18 53
29 1 52
29 32 49
29 50 49
29 30 48
29 42 48
29 23 46
29 4 45
29 83 45
29 92 44
29 55 42
29 52 40
29 21 38
29 14 37
29 53 37
29 71 36
29 45 34
29 54 34
29 82 34
29 84 34
29 17 31
29 36 27
29 96 26
29 28 26
29 91 25
29 6 25
29 89 24
29 39 23
29 78 22
29 24 21
29 43 21
29 10 20
29 5 20
29 11 19
29 87 17
29 88 12
29 44 12
29 47 10
29 93 8
29 9 7
29 59 5
29 46 4
29 76 4
29 16 3
29 99 2
29 13 2
29 26 2
29 40 2
29 61 2
29 69 2
29 19 1
29 31 1
29 34 1
29 98 2
29 20 4
29 68 4
29 70 4
29 15 8
29 86 8
29 25 9
29 73 9
29 67 11
29 3 13
29 8 15
29 97 16
29 2 17
29 49 17
29 100 17
29 33 18
29 63 23
29 35 24
29 74 24
98 101 96
98 75 75
98 95 74
98 38 74
98 85 74
98 94 73
98 22 72
98 58 72
98 65 72
98 37 71
98 48 71
98 80 70
98 51 69
98 41 67
98 57 67
98 90 66
98 7 66
98 77 66
98 81 64
98 27 63
98 64 62
98 62 61
98 56 60
98 79 60
98 66 58
98 72 58
98 102 58
98 60 57
98 12 56
98 18 55
98 1 54
98 32 51
98 50 51
98 30 50
98 42 50
98 23 48
98 4 47
98 83 47
98 92 46
98 55 44
98 52 42
98 21 40
98 14 39
98 53 39
98 71 38
98 45 36
98 54 36
98 82 36
98 84 36
98 17 33
98 36 29
98 96 28
98 28 28
98 91 27
98 6 27
98 89 26
98 39 25
98 78 24
98 24 23
98 43 23
98 10 22
98 5 22
98 11 21
98 87 19
98 88 14
98 44 14
98 47 12
98 93 10
98 9 9
98 59 7
98 46 6
98 76 6
98 16 5
98 99 4
98 13 4
98 26 4
98 40 4
98 61 4
98 69 4
98 19 3
98 31 3
98 34 3
98 29 2
98 20 2
98 68 2
98 70 2
98 15 6
98 86 6
98 25 7
98 73 7
98 67 9
98 3 11
98 8 13
98 97 14
98 2 15
98 49 15
98 100 15
98 33 16
98 63 21
98 35 22
98 74 22
20 101 98
20 75 77
20 95 76
20 38 76
20 85 76
20 94 75
20 22 74
20 58 74
20 65 74
20 37 73
20 48 73
20 80 72
20 51 71
20 41 69
20 57 69
20 90 68
20 7 68
20 77 68
20 81 66
20 27 65
20 64 64
20 62 63
20 56 62
20 79 62
20 66 60
20 72 60
20 102 60
20 60 59
20 12 58
20 18 57
20 1 56
20 32 53
20 50 53
20 30 52
20 42 52
20 23 50
20 4 49
20 83 49
20 92 48
20 55 46
20 52 44
20 21 42
20 14 41
20 53 41
20 71 40
20 45 38
20 54 38
20 82 38
20 84 38
20 17 35
20 36 31
20 96 30
20 28 30
20 91 29
20 6 29
20 89 28
20 39 27
20 78 26
20 24 25
20 43 25
20 10 24
20 5 24
20 11 23
20 87 21
20 88 16
20 44 16
20 47 14
20 93 12
20 9 11
20 59 9
20 46 8
20 76 8
20 16 7
20 99 6
20 13 6
20 26 6
20 40 6
20 61 6
20 69 6
20 19 5
20 31 5
20 34 5
20 29 4
20 98 2
20 68 0
20 70 0
20 15 4
20 86 4
20 25 5
20 73 5
20 67 7
20 3 9
20 8 11
20 97 12
20 2 13
20 49 13
20 100 13
20 33 14
20 63 19
20 35 20
20 74 20
68 101 98
68 75 77
68 95 76
68 38 76
68 85 76
68 94 75
68 22 74
68 58 74
68 65 74
68 37 73
68 48 73
68 80 72
68 51 71
68 41 69
68 57 69
68 90 68
68 7 68
68 77 68
68 81 66
68 27 65
68 64 64
68 62 63
68 56 62
68 79 62
68 66 60
68 72 60
68 102 60
68 60 59
68 12 58
68 18 57
68 1 56
68 32 53
68 50 53
68 30 52
68 42 52
68 23 50
68 4 49
68 83 49
68 92 48
68 55 46
68 52 44
68 21 42
68 14 41
68 53 41
68 71 40
68 45 38
68 54 38
68 82 38
68 84 38
68 17 35
68 36 31
68 96 30
68 28 30
68 91 29
68 6 29
68 89 28
68 39 27
68 78 26
68 24 25
68 43 25
68 10 24
68 5 24
68 11 23
68 87 21
68 88 16
68 44 16
68 47 14
68 93 12
68 9 11
68 59 9
68 46 8
68 76 8
68 16 7
68 99 6
68 13 6
68 26 6
68 40 6
68 61 6
68 69 6
68 19 5
68 31 5
68 34 5
68 29 4
68 98 2
68 20 0
68 70 0
68 15 4
68 86 4
68 25 5
68 73 5
68 67 7
68 3 9
68 8 11
68 97 12
68 2 13
68 49 13
68 100 13
68 33 14
68 63 19
68 35 20
68 74 20
70 101 98
70 75 77
70 95 76
70 38 76
70 85 76
70 94 75
70 22 74
70 58 74
70 65 74
70 37 73
70 48 73
70 80 72
70 51 71
70 41 69
70 57 69
70 90 68
70 7 68
70 77 68
70 81 66
70 27 65
70 64 64
70 62 63
70 56 62
70 79 62
70 66 60
70 72 60
70 102 60
70 60 59
70 12 58
70 18 57
70 1 56
70 32 53
70 50 53
70 30 52
70 42 52
70 23 50
70 4 49
70 83 49
70 92 48
70 55 46
70 52 44
70 21 42
70 14 41
70 53 41
70 71 40
70 45 38
70 54 38
70 82 38
70 84 38
70 17 35
70 36 31
70 96 30
70 28 30
70 91 29
70 6 29
70 89 28
70 39 27
70 78 26
70 24 25
70 43 25
70 10 24
70 5 24
70 11 23
70 87 21
70 88 16
70 44 16
70 47 14
70 93 12
70 9 11
70 59 9
70 46 8
70 76 8
70 16 7
70 99 6
70 13 6
70 26 6
70 40 6
70 61 6
70 69 6
70 19 5
70 31 5
70 34 5
70 29 4
70 98 2
70 20 0
70 68 0
70 15 4
70 86 4
70 25 5
70 73 5
70 67 7
70 3 9
70 8 11
70 97 12
70 2 13
70 49 13
70 100 13
70 33 14
70 63 19
70 35 20
70 74 20
15 101 102
15 75 81
15 95 80
15 38 80
15 85 80
15 94 79
15 22 78
15 58 78
15 65 78
15 37 77
15 48 77
15 80 76
15 51 75
15 41 73
15 57 73
15 90 72
15 7 72
15 77 72
15 81 70
15 27 69
15 64 68
15 62 67
15 56 66
15 79 66
15 66 64
15 72 64
15 102 64
15 60 63
15 12 62
15 18 61
15 1 60
15 32 57
15 50 57
15 30 56
15 42 56
15 23 54
15 4 53
15 83 53
15 92 52
15 55 50
15 52 48
15 21 46
15 14 45
15 53 45
15 71 44
15 45 42
15 54 42
15 82 42
15 84 42
15 17 39
15 36 35
15 96 34
15 28 34
15 91 33
15 6 33
15 89 32
15 39 31
15 78 30
15 24 29
15 43 29
15 10 28
15 5 28
15 11 27
15 87 25
15 88 20
15 44 20
15 47 18
15 93 16
15 9 15
15 59 13
15 46 12
15 76 12
15 16 11
15 99 10
15 13 10
15 26 10
15 40 10
15 61 10
15 69 10
15 19 9
15 31 9
15 34 9
15 29 8
15 98 6
15 20 4
15 68 4
15 70 4
15 86 0
15 25 1
15 73 1
15 67 3
15 3 5
15 8 7
15 97 8
15 2 9
15 49 9
15 100 9
15 33 10
15 63 15
15 35 16
15 74 16
86 101 102
86 75 81
86 95 80
86 38 80
86 85 80
86 94 79
86 22 78
86 58 78
86 65 78
86 37 77
86 48 77
86 80 76
86 51 75
86 41 73
86 57 73
86 90 72
86 7 72
86 77 72
86 81 70
86 27 69
86 64 68
86 62 67
86 56 66
86 79 66
86 66 64
86 72 64
86 102 64
86 60 63
86 12 62
86 18 61
86 1 60
86 32 57
86 50 57
86 30 56
86 42 56
86 23 54
86 4 53
86 83 53
86 92 52
86 55 50
86 52 48
86 21 46
86 14 45
86 53 45
86 71 44
86 45 42
86 54 42
86 82 42
86 84 42
86 17 39
86 36 35
86 96 34
86 28 34
86 91 33
86 6 33
86 89 32
86 39 31
86 78 30
86 24 29
86 43 29
86 10 28
86 5 28
86 11 27
86 87 25
86 88 20
86 44 20
86 47 18
86 93 16
86 9 15
86 59 13
86 46 12
86 76 12
86 16 11
86 99 10
86 13 10
86 26 10
86 40 10
86 61 10
86 69 10
86 19 9
86 31 9
86 34 9
86 29 8
86 98 6
86 20 4
86 68 4
86 70 4
86 15 0
86 25 1
86 73 1
86 67 3
86 3 5
86 8 7
86 97 8
86 2 9
86 49 9
86 100 9
86 33 10
86 63 15
86 35 16
86 74 16
25 101 103
25 75 82
25 95 81
25 38 81
25 85 81
25 94 80
25 22 79
25 58 79
25 65 79
25 37 78
25 48 78
25 80 77
25 51 76
25 41 74
25 57 74
25 90 73
25 7 73
25 77 73
25 81 71
25 27 70
25 64 69
25 62 68
25 56 67
25 79 67
25 66 65
25 72 65
25 102 65
25 60 64
25 12 63
25 18 62
25 1 61
25 32 58
25 50 58
25 30 57
25 42 57
25 23 55
25 4 54
25 83 54
25 92 53
25 55 51
25 52 49
25 21 47
25 14 46
25 53 46
25 71 45
25 45 43
25 54 43
25 82 43
25 84 43
25 17 40
25 36 36
25 96 35
25 28 35
25 91 34
25 6 34
25 89 33
25 39 32
25 78 31
25 24 30
25 43 30
25 10 29
25 5 29
25 11 28
25 87 26
25 88 21
25 44 21
25 47 19
25 93 17
25 9 16
25 59 14
25 46 13
25 76 13
25 16 12
25 99 11
25 13 11
25 26 11
25 40 11
25 61 11
25 69 11
25 19 10
25 31 10
25 34 10
25 29 9
25 98 7
25 20 5
25 68 5
25 70 5
25 15 1
25 86 1
25 73 0
25 67 2
25 3 4
25 8 6
25 97 7
25 2 8
25 49 8
25 100 8
25 33 9
25 63 14
25 35 15
25 74 15
73 101 103
73 75 82
73 95 81
73 38 81
73 85 81
73 94 80
73 22 79
73 58 79
73 65 79
73 37 78
73 48 78
73 80 77
73 51 76
73 41 74
73 57 74
73 90 73
73 7 73
73 77 73
73 81 71
73 27 70
73 64 69
73 62 68
73 56 67
73 79 67
73 66 65
73 72 65
73 102 65
73 60 64
73 12 63
73 18 62
73 1 61
73 32 58
73 50 58
73 30 57
73 42 57
73 23 55
73 4 54
73 83 54
73 92 53
73 55 51
73 52 49
73 21 47
73 14 46
73 53 46
73 71 45
73 45 43
73 54 43
73 82 43
73 84 43
73 17 40
73 36 36
73 96 35
73 28 35
73 91 34
73 6 34
73 89 33
73 39 32
73 78 31
73 24 30
73 43 30
73 10 29
73 5 29
73 11 28
73 87 26
73 88 21
73 44 21
73 47 19
73 93 17
73 9 16
73 59 14
73 46 13
73 76 13
73 16 12
73 99 11
73 13 11
73 26 11
73 40 11
73 61 11
73 69 11
73 19 10
73 31 10
73 34 10
73 29 9
73 98 7
73 20 5
73 68 5
73 70 5
73 15 1
73 86 1
73 25 0
73 67 2
73 3 4
73 8 6
73 97 7
73 2 8
73 49 8
73 100 8
73 33 9
73 63 14
73 35 15
73 74 15
67 101 105
67 75 84
67 95 83
67 38 83
67 85 83
67 94 82
67 22 81
67 58 81
67 65 81
67 37 80
67 48 80
67 80 79
67 51 78
67 41 76
67 57 76
67 90 75
67 7 75
67 77 75
67 81 73
67 27 72
67 64 71
67 62 70
67 56 69
67 79 69
67 66 67
67 72 67
67 102 67
67 60 66
67 12 65
67 18 64
67 1 63
67 32 60
67 50 60
67 30 59
67 42 59
67 23 57
67 4 56
67 83 56
67 92 55
67 55 53
67 52 51
67 21 49
67 14 48
67 53 48
67 71 47
67 45 45
67 54 45
67 82 45
67 84 45
67 17 42
67 36 38
67 96 37
67 28 37
67 91 36
67 6 36
67 89 35
67 39 34
67 78 33
67 24 32
67 43 32
67 10 31
67 5 31
67 11 30
67 87 28
67 88 23
67 44 23
67 47 21
67 93 19
67 9 18
67 59 16
67 46 15
67 76 15
67 16 14
67 99 13
67 13 13
67 26 13
67 40 13
67 61 13
67 69 13
67 19 12
67 31 12
67 34 12
67 29 11
67 98 9
67 20 7
67 68 7
67 70 7
67 15 3
67 86 3
67 25 2
67 73 2
67 3 2
67 8 4
67 97 5
67 2 6
67 49 6
67 100 6
67 33 7
67 63 12
67 35 13
67 74 13
3 101 107
3 75 86
3 95 85
3 38 85
3 85 85
3 94 84
3 22 83
3 58 83
3 65 83
3 37 82
3 48 82
3 80 81
3 51 80
3 41 78
3 57 78
3 90 77
3 7 77
3 77 77
3 81 75
3 27 74
3 64 73
3 62 72
3 56 71
3 79 71
3 66 69
3 72 69
3 102 69
3 60 68
3 12 67
3 18 66
3 1 65
3 32 62
3 50 62
3 30 61
3 42 61
3 23 59
3 4 58
3 83 58
3 92 57
3 55 55
3 52 53
3 21 51
3 14 50
3 53 50
3 71 49
3 45 47
3 54 47
3 82 47
3 84 47
3 17 44
3 36 40
3 96 39
3 28 39
3 91 38
3 6 38
3 89 37
3 39 36
3 78 35
3 24 34
3 43 34
3 10 33
3 5 33
3 11 32
3 87 30
3 88 25
3 44 25
3 47 23
3 93 21
3 9 20
3 59 18
3 46 17
3 76 17
3 16 16
3 99 15
3 13 15
3 26 15
3 40 15
3 61 15
3 69 15
3 19 14
3 31 14
3 34 14
3 29 13
3 98 11
3 20 9
3 68 9
3 70 9
3 15 5
3 86 5
3 25 4
3 73 4
3 67 2
3 8 2
3 97 3
3 2 4
3 49 4
3 100 4
3 33 5
3 63 10
3 35 11
3 74 11
8 101 109
8 75 88
8 95 87
8 38 87
8 85 87
8 94 86
8 22 85
8 58 85
8 65 85
8 37 84
8 48 84
8 80 83
8 51 82
8 41 80
8 57 80
8 90 79
8 7 79
8 77 79
8 81 77
8 27 76
8 64 75
8 62 74
8 56 73
8 79 73
8 66 71
8 72 71
8 102 71
8 60 70
8 12 69
8 18 68
8 1 67
8 32 64
8 50 64
8 30 63
8 42 63
8 23 61
8 4 60
8 83 60
8 92 59
8 55 57
8 52 55
8 21 53
8 14 52
8 53 52
8 71 51
8 45 49
8 54 49
8 82 49
8 84 49
8 17 46
8 36 42
8 96 41
8 28 41
8 91 40
8 6 40
8 89 39
8 39 38
8 78 37
8 24 36
8 43 36
8 10 35
8 5 35
8 11 34
8 87 32
8 88 27
8 44 27
8 47 25
8 93 23
8 9 22
8 59 20
8 46 19
8 76 19
8 16 18
8 99 17
8 13 17
8 26 17
8 40 17
8 61 17
8 69 17
8 19 16
8 31 16
8 34 16
8 29 15
8 98 13
8 20 11
8 68 11
8 70 11
8 15 7
8 86 7
8 25 6
8 73 6
8 67 4
8 3 2
8 97 1
8 2 2
8 49 2
8 100 2
8 33 3
8 63 8
8 35 9
8 74 9
97 101 110
97 75 89
97 95 88
97 38 88
97 85 88
97 94 87
97 22 86
97 58 86
97 65 86
97 37 85
97 48 85
97 80 84
97 51 83
97 41 81
97 57 81
97 90 80
97 7 80
97 77 80
97 81 78
97 27 77
97 64 76
97 62 75
97 56 74
97 79 74
97 66 72
97 72 72
97 102 72
97 60 71
97 12 70
97 18 69
97 1 68
97 32 65
97 50 65
97 30 64
97 42 64
97 23 62
97 4 61
97 83 61
97 92 60
97 55 58
97 52 56
97 21 54
97 14 53
97 53 53
97 71 52
97 45 50
97 54 50
97 82 50
97 84 50
97 17 47
97 36 43
97 96 42
97 28 42
97 91 41
97 6 41
97 89 40
97 39 39
97 78 38
97 24 37
97 43 37
97 10 36
97 5 36
97 11 35
97 87 33
97 88 28
97 44 28
97 47 26
97 93 24
97 9 23
97 59 21
97 46 20
97 76 20
97 16 19
97 99 18
97 13 18
97 26 18
97 40 18
97 61 18
97 69 18
97 19 17
97 31 17
97 34 17
97 29 16
97 98 14
97 20 12
97 68 12
97 70 12
97 15 8
97 86 8
97 25 7
97 73 7
97 67 5
97 3 3
97 8 1
97 2 1
97 49 1
97 100 1
97 33 2
97 63 7
97 35 8
97 74 8
2 101 111
2 75 90
2 95 89
2 38 89
2 85 89
2 94 88
2 22 87
2 58 87
2 65 87
2 37 86
2 48 86
2 80 85
2 51 84
2 41 82
2 57 82
2 90 81
2 7 81
2 77 81
2 81 79
2 27 78
2 64 77
2 62 76
2 56 75
2 79 75
2 66 73
2 72 73
2 102 73
2 60 72
2 12 71
2 18 70
2 1 69
2 32 66
2 50 66
2 30 65
2 42 65
2 23 63
2 4 62
2 83 62
2 92 61
2 55 59
2 52 57
2 21 55
2 14 54
2 53 54
2 71 53
2 45 51
2 54 51
2 82 51
2 84 51
2 17 48
2 36 44
2 96 43
2 28 43
2 91 42
2 6 42
2 89 41
2 39 40
2 78 39
2 24 38
2 43 38
2 10 37
2 5 37
2 11 36
2 87 34
2 88 29
2 44 29
2 47 27
2 93 25
2 9 24
2 59 22
2 46 21
2 76 21
2 16 20
2 99 19
2 13 19
2 26 19
2 40 19
2 61 19
2 69 19
2 19 18
2 31 18
2 34 18
2 29 17
2 98 15
2 20 13
2 68 13
2 70 13
2 15 9
2 86 9
2 25 8
2 73 8
2 67 6
2 3 4
2 8 2
2 97 1
2 49 0
2 100 0
2 33 1
2 63 6
2 35 7
2 74 7
49 101 111
49 75 90
49 95 89
49 38 89
49 85 89
49 94 88
49 22 87
49 58 87
49 65 87
49 37 86
49 48 86
49 80 85
49 51 84
49 41 82
49 57 82
49 90 81
49 7 81
49 77 81
49 81 79
49 27 78
49 64 77
49 62 76
49 56 75
49 79 75
49 66 73
49 72 73
49 102 73
49 60 72
49 12 71
49 18 70
49 1 69
49 32 66
49 50 66
49 30 65
49 42 65
49 23 63
49 4 62
49 83 62
49 92 61
49 55 59
49 52 57
49 21 55
49 14 54
49 53 54
49 71 53
49 45 51
49 54 51
49 82 51
49 84 51
49 17 48
49 36 44
49 96 43
49 28 43
49 91 42
49 6 42
49 89 41
49 39 40
49 78 39
49 24 38
49 43 38
49 10 37
49 5 37
49 11 36
49 87 34
49 88 29
49 44 29
49 47 27
49 93 25
49 9 24
49 59 22
49 46 21
49 76 21
49 16 20
49 99 19
49 13 19
49 26 19
49 40 19
49 61 19
49 69 19
49 19 18
49 31 18
49 34 18
49 29 17
49 98 15
49 20 13
49 68 13
49 70 13
49 15 9
49 86 9
49 25 8
49 73 8
49 67 6
49 3 4
49 8 2
49 97 1
49 2 0
49 100 0
49 33 1
49 63 6
49 35 7
49 74 7
100 101 111
100 75 90
100 95 89
100 38 89
100 85 89
100 94 88
100 22 87
100 58 87
100 65 87
100 37 86
100 48 86
100 80 85
100 51 84
100 41 82
100 57 82
100 90 81
100 7 81
100 77 81
100 81 79
100 27 78
100 64 77
100 62 76
100 56 75
100 79 75
100 66 73
100 72 73
100 102 73
100 60 72
100 12 71
100 18 70
100 1 69
100 32 66
100 50 66
100 30 65
100 42 65
100 23 63
100 4 62
100 83 62
100 92 61
100 55 59
100 52 57
100 21 55
100 14 54
100 53 54
100 71 53
100 45 51
100 54 51
100 82 51
100 84 51
100 17 48
100 36 44
100 96 43
100 28 43
100 91 42
100 6 42
100 89 41
100 39 40
100 78 39
100 24 38
100 43 38
100 10 37
100 5 37
100 11 36
100 87 34
100 88 29
100 44 29
100 47 27
100 93 25
100 9 24
100 59 22
100 46 21
100 76 21
100 16 20
100 99 19
100 13 19
100 26 19
100 40 19
100 61 19
100 69 19
100 19 18
100 31 18
100 34 18
100 29 17
100 98 15
100 20 13
100 68 13
100 70 13
100 15 9
100 86 9
100 25 8
100 73 8
100 67 6
100 3 4
100 8 2
100 97 1
100 2 0
100 49 0
100 33 1
100 63 6
100 35 7
100 74 7
33 101 112
33 75 91
33 95 90
33 38 90
33 85 90
33 94 89
33 22 88
33 58 88
33 65 88
33 37 87
33 48 87
33 80 86
33 51 85
33 41 83
33 57 83
33 90 82
33 7 82
33 77 82
33 81 80
33 27 79
33 64 78
33 62 77
33 56 76
33 79 76
33 66 74
33 72 74
33 102 74
33 60 73
33 12 72
33 18 71
33 1 70
33 32 67
33 50 67
33 30 66
33 42 66
33 23 64
33 4 63
33 83 63
33 92 62
33 55 60
33 52 58
33 21 56
33 14 55
33 53 55
33 71 54
33 45 52
33 54 52
33 82 52
33 84 52
33 17 49
33 36 45
33 96 44
33 28 44
33 91 43
33 6 43
33 89 42
33 39 41
33 78 40
33 24 39
33 43 39
33 10 38
33 5 38
33 11 37
33 87 35
33 88 30
33 44 30
33 47 28
33 93 26
33 9 25
33 59 23
33 46 22
33 76 22
33 16 21
33 99 20
33 13 20
33 26 20
33 40 20
33 61 20
33 69 20
33 19 19
33 31 19
33 34 19
33 29 18
33 98 16
33 20 14
33 68 14
33 70 14
33 15 10
33 86 10
33 25 9
33 73 9
33 67 7
33 3 5
33 8 3
33 97 2
33 2 1
33 49 1
33 100 1
33 63 5
33 35 6
33 74 6
63 101 117
63 75 96
63 95 95
63 38 95
63 85 95
63 94 94
63 22 93
63 58 93
63 65 93
63 37 92
63 48 92
63 80 91
63 51 90
63 41 88
63 57 88
63 90 87
63 7 87
63 77 87
63 81 85
63 27 84
63 64 83
63 62 82
63 56 81
63 79 81
63 66 79
63 72 79
63 102 79
63 60 78
63 12 77
63 18 76
63 1 75
63 32 72
63 50 72
63 30 71
63 42 71
63 23 69
63 4 68
63 83 68
63 92 67
63 55 65
63 52 63
63 21 61
63 14 60
63 53 60
63 71 59
63 45 57
63 54 57
63 82 57
63 84 57
63 17 54
63 36 50
63 96 49
63 28 49
63 91 48
63 6 48
63 89 47
63 39 46
63 78 45
63 24 44
63 43 44
63 10 43
63 5 43
63 11 42
63 87 40
63 88 35
63 44 35
63 47 33
63 93 31
63 9 30
63 59 28
63 46 27
63 76 27
63 16 26
63 99 25
63 13 25
63 26 25
63 40 25
63 61 25
63 69 25
63 19 24
63 31 24
63 34 24
63 29 23
63 98 21
63 20 19
63 68 19
63 70 19
63 15 15
63 86 15
63 25 14
63 73 14
63 67 12
63 3 10
63 8 8
63 97 7
63 2 6
63 49 6
63 100 6
63 33 5
63 35 1
63 74 1
35 101 118
35 75 97
35 95 96
35 38 96
35 85 96
35 94 95
35 22 94
35 58 94
35 65 94
35 37 93
35 48 93
35 80 92
35 51 91
35 41 89
35 57 89
35 90 88
35 7 88
35 77 88
35 81 86
35 27 85
35 64 84
35 62 83
35 56 82
35 79 82
35 66 80
35 72 80
35 102 80
35 60 79
35 12 78
35 18 77
35 1 76
35 32 73
35 50 73
35 30 72
35 42 72
35 23 70
35 4 69
35 83 69
35 92 68
35 55 66
35 52 64
35 21 62
35 14 61
35 53 61
35 71 60
35 45 58
35 54 58
35 82 58
35 84 58
35 17 55
35 36 51
35 96 50
35 28 50
35 91 49
35 6 49
35 89 48
35 39 47
35 78 46
35 24 45
35 43 45
35 10 44
35 5 44
35 11 43
35 87 41
35 88 36
35 44 36
35 47 34
35 93 32
35 9 31
35 59 29
35 46 28
35 76 28
35 16 27
35 99 26
35 13 26
35 26 26
35 40 26
35 61 26
35 69 26
35 19 25
35 31 25
35 34 25
35 29 24
35 98 22
35 20 20
35 68 20
35 70 20
35 15 16
35 86 16
35 25 15
35 73 15
35 67 13
35 3 11
35 8 9
35 97 8
35 2 7
35 49 7
35 100 7
35 33 6
35 63 1
35 74 0
74 101 118
74 75 97
74 95 96
74 38 96
74 85 96
74 94 95
74 22 94
74 58 94
74 65 94
74 37 93
74 48 93
74 80 92
74 51 91
74 41 89
74 57 89
74 90 88
74 7 88
74 77 88
74 81 86
74 27 85
74 64 84
74 62 83
74 56 82
74 79 82
74 66 80
74 72 80
74 102 80
74 60 79
74 12 78
74 18 77
74 1 76
74 32 73
74 50 73
74 30 72
74 42 72
74 23 70
74 4 69
74 83 69
74 92 68
74 55 66
74 52 64
74 21 62
74 14 61
74 53 61
74 71 60
74 45 58
74 54 58
74 82 58
74 84 58
74 17 55
74 36 51
74 96 50
74 28 50
74 91 49
74 6 49
74 89 48
74 39 47
74 78 46
74 24 45
74 43 45
74 10 44
74 5 44
74 11 43
74 87 41
74 88 36
74 44 36
74 47 34
74 93 32
74 9 31
74 59 29
74 46 28
74 76 28
74 16 27
74 99 26
74 13 26
74 26 26
74 40 26
74 61 26
74 69 26
74 19 25
74 31 25
74 34 25
74 29 24
74 98 22
74 20 20
74 68 20
74 70 20
74 15 16
74 86 16
74 25 15
74 73 15
74 67 13
74 3 11
74 8 9
74 97 8
74 2 7
74 49 7
74 100 7
74 33 6
74 63 1
74 35 0
